Testing hand-coded Jacobian, if the ratio is
O(1.e-8), the hand-coded Jacobian is probably correct.
Finite difference Jacobian (user-defined state)
Mat Object: 1 MPI processes
  type: seqaij
row 0: (0, 3.5)  (1, -1.10907e-11)  (2, 0.125)  (3, 4.15856e-12)  (14, -0.25)  (15, -5.54551e-12)  (16, -1.75)  (17, 1.)  (20, -1.75)  (21, -1.) 
row 1: (0, -1.10907e-11)  (1, 6.5)  (2, 4.15856e-12)  (3, 1.375)  (14, -5.54551e-12)  (15, -2.75)  (16, 1.)  (17, -3.25)  (20, -1.)  (21, -3.25) 
row 2: (0, 0.125)  (1, 4.15863e-12)  (2, 3.5)  (3, -2.079e-11)  (4, 0.125)  (5, 5.54401e-12)  (12, -0.25)  (13, -1.10878e-11)  (20, -1.75)  (21, 1.)  (24, -1.75)  (25, -1.) 
row 3: (0, 4.15863e-12)  (1, 1.375)  (2, -2.079e-11)  (3, 6.5)  (4, 5.54401e-12)  (5, 1.375)  (12, -1.10878e-11)  (13, -2.75)  (20, 1.)  (21, -3.25)  (24, -1.)  (25, -3.25) 
row 4: (2, 0.125)  (3, 5.54401e-12)  (4, 3.5)  (5, -2.07901e-11)  (6, 0.125)  (7, 4.15823e-12)  (10, -0.25)  (11, -1.1088e-11)  (22, -1.75)  (23, -1.)  (24, -1.75)  (25, 1.) 
row 5: (2, 5.54401e-12)  (3, 1.375)  (4, -2.07901e-11)  (5, 6.5)  (6, 4.15823e-12)  (7, 1.375)  (10, -1.1088e-11)  (11, -2.75)  (22, -1.)  (23, -3.25)  (24, 1.)  (25, -3.25) 
row 6: (4, 0.125)  (6, 3.5)  (8, -0.25)  (18, -1.75)  (19, -1.)  (22, -1.75)  (23, 1.) 
row 7: (4, 4.15827e-12)  (5, 1.375)  (6, -8.31787e-12)  (7, 6.5)  (8, -5.54545e-12)  (9, -2.75)  (18, -1.)  (19, -3.25)  (22, 1.)  (23, -3.25) 
row 8: (6, -0.25)  (8, 3.5)  (9, 1.45519e-11)  (10, 0.125)  (18, -1.75)  (19, 1.)  (22, -1.75)  (23, -1.) 
row 9: (6, -5.54557e-12)  (7, -2.75)  (8, -2.69438e-11)  (9, 6.5)  (10, 4.15856e-12)  (11, 1.375)  (18, 1.)  (19, -3.25)  (22, -1.)  (23, -3.25) 
row 10: (4, -0.25)  (5, -1.10879e-11)  (8, 0.125)  (9, 4.15863e-12)  (10, 3.5)  (11, -2.07906e-11)  (12, 0.125)  (13, 5.54401e-12)  (22, -1.75)  (23, 1.)  (24, -1.75)  (25, -1.) 
row 11: (4, -1.10879e-11)  (5, -2.75)  (8, 4.15863e-12)  (9, 1.375)  (10, -2.07906e-11)  (11, 6.5)  (12, 5.54401e-12)  (13, 1.375)  (22, 1.)  (23, -3.25)  (24, -1.)  (25, -3.25) 
row 12: (2, -0.25)  (3, -1.10879e-11)  (10, 0.125)  (11, 5.54401e-12)  (12, 3.5)  (13, -2.07906e-11)  (14, 0.125)  (15, 4.15823e-12)  (20, -1.75)  (21, -1.)  (24, -1.75)  (25, 1.) 
row 13: (2, -1.10879e-11)  (3, -2.75)  (10, 5.54401e-12)  (11, 1.375)  (12, -2.07906e-11)  (13, 6.5)  (14, 4.15823e-12)  (15, 1.375)  (20, -1.)  (21, -3.25)  (24, 1.)  (25, -3.25) 
row 14: (0, -0.25)  (1, -5.54557e-12)  (12, 0.125)  (13, 4.15827e-12)  (14, 3.5)  (15, -1.109e-11)  (16, -1.75)  (17, -1.)  (20, -1.75)  (21, 1.) 
row 15: (0, -5.54557e-12)  (1, -2.75)  (12, 4.15827e-12)  (13, 1.375)  (14, -1.109e-11)  (15, 6.5)  (16, -1.)  (17, -3.25)  (20, 1.)  (21, -3.25) 
row 16: (0, -1.75)  (1, 1.)  (14, -1.75)  (15, -1.)  (16, 7.)  (17, -1.10911e-11) 
row 17: (0, 1.)  (1, -3.25)  (14, -1.)  (15, -3.25)  (16, -1.10911e-11)  (17, 13.) 
row 18: (6, -1.75)  (7, -1.)  (8, -1.75)  (9, 1.)  (18, 7.) 
row 19: (6, -1.)  (7, -3.25)  (8, 1.)  (9, -3.25)  (19, 13.) 
row 20: (0, -1.75)  (1, -1.)  (2, -1.75)  (3, 1.)  (12, -1.75)  (13, -1.)  (14, -1.75)  (15, 1.)  (20, 7.)  (21, -3.3267e-11) 
row 21: (0, -1.)  (1, -3.25)  (2, 1.)  (3, -3.25)  (12, -1.)  (13, -3.25)  (14, 1.)  (15, -3.25)  (20, -3.3267e-11)  (21, 13.) 
row 22: (4, -1.75)  (5, -1.)  (6, -1.75)  (7, 1.)  (8, -1.75)  (9, -1.)  (10, -1.75)  (11, 1.)  (22, 7.)  (23, -3.3267e-11) 
row 23: (4, -1.)  (5, -3.25)  (6, 1.)  (7, -3.25)  (8, -1.)  (9, -3.25)  (10, 1.)  (11, -3.25)  (22, -3.3267e-11)  (23, 13.) 
row 24: (2, -1.75)  (3, -1.)  (4, -1.75)  (5, 1.)  (10, -1.75)  (11, -1.)  (12, -1.75)  (13, 1.)  (24, 7.)  (25, -4.43517e-11) 
row 25: (2, -1.)  (3, -3.25)  (4, 1.)  (5, -3.25)  (10, -1.)  (11, -3.25)  (12, 1.)  (13, -3.25)  (24, -4.43517e-11)  (25, 13.) 
Hand-coded Jacobian (user-defined state)
Mat Object: 1 MPI processes
  type: seqaij
row 0: (0, 3.5)  (1, 2.5)  (2, 0.125)  (3, 0.375)  (14, -0.25)  (15, -0.75)  (16, -1.75)  (17, -1.25)  (20, -1.75)  (21, -1.25) 
row 1: (0, 2.5)  (1, 6.5)  (2, 0.375)  (3, 1.375)  (14, -0.75)  (15, -2.75)  (16, -1.25)  (17, -3.25)  (20, -1.25)  (21, -3.25) 
row 2: (0, 0.125)  (1, 0.375)  (2, 3.5)  (3, 2.5)  (4, 0.125)  (5, 0.375)  (12, -0.25)  (13, -0.75)  (20, -1.75)  (21, -1.25)  (24, -1.75)  (25, -1.25) 
row 3: (0, 0.375)  (1, 1.375)  (2, 2.5)  (3, 6.5)  (4, 0.375)  (5, 1.375)  (12, -0.75)  (13, -2.75)  (20, -1.25)  (21, -3.25)  (24, -1.25)  (25, -3.25) 
row 4: (2, 0.125)  (3, 0.375)  (4, 3.5)  (5, 2.5)  (6, 0.125)  (7, 0.375)  (10, -0.25)  (11, -0.75)  (22, -1.75)  (23, -1.25)  (24, -1.75)  (25, -1.25) 
row 5: (2, 0.375)  (3, 1.375)  (4, 2.5)  (5, 6.5)  (6, 0.375)  (7, 1.375)  (10, -0.75)  (11, -2.75)  (22, -1.25)  (23, -3.25)  (24, -1.25)  (25, -3.25) 
row 6: (4, 0.125)  (5, 0.375)  (6, 3.5)  (7, 2.5)  (8, -0.25)  (9, -0.75)  (18, -1.75)  (19, -1.25)  (22, -1.75)  (23, -1.25) 
row 7: (4, 0.375)  (5, 1.375)  (6, 2.5)  (7, 6.5)  (8, -0.75)  (9, -2.75)  (18, -1.25)  (19, -3.25)  (22, -1.25)  (23, -3.25) 
row 8: (6, -0.25)  (7, -0.75)  (8, 3.5)  (9, 2.5)  (10, 0.125)  (11, 0.375)  (18, -1.75)  (19, -1.25)  (22, -1.75)  (23, -1.25) 
row 9: (6, -0.75)  (7, -2.75)  (8, 2.5)  (9, 6.5)  (10, 0.375)  (11, 1.375)  (18, -1.25)  (19, -3.25)  (22, -1.25)  (23, -3.25) 
row 10: (4, -0.25)  (5, -0.75)  (8, 0.125)  (9, 0.375)  (10, 3.5)  (11, 2.5)  (12, 0.125)  (13, 0.375)  (22, -1.75)  (23, -1.25)  (24, -1.75)  (25, -1.25) 
row 11: (4, -0.75)  (5, -2.75)  (8, 0.375)  (9, 1.375)  (10, 2.5)  (11, 6.5)  (12, 0.375)  (13, 1.375)  (22, -1.25)  (23, -3.25)  (24, -1.25)  (25, -3.25) 
row 12: (2, -0.25)  (3, -0.75)  (10, 0.125)  (11, 0.375)  (12, 3.5)  (13, 2.5)  (14, 0.125)  (15, 0.375)  (20, -1.75)  (21, -1.25)  (24, -1.75)  (25, -1.25) 
row 13: (2, -0.75)  (3, -2.75)  (10, 0.375)  (11, 1.375)  (12, 2.5)  (13, 6.5)  (14, 0.375)  (15, 1.375)  (20, -1.25)  (21, -3.25)  (24, -1.25)  (25, -3.25) 
row 14: (0, -0.25)  (1, -0.75)  (12, 0.125)  (13, 0.375)  (14, 3.5)  (15, 2.5)  (16, -1.75)  (17, -1.25)  (20, -1.75)  (21, -1.25) 
row 15: (0, -0.75)  (1, -2.75)  (12, 0.375)  (13, 1.375)  (14, 2.5)  (15, 6.5)  (16, -1.25)  (17, -3.25)  (20, -1.25)  (21, -3.25) 
row 16: (0, -1.75)  (1, -1.25)  (14, -1.75)  (15, -1.25)  (16, 7.)  (17, 5.) 
row 17: (0, -1.25)  (1, -3.25)  (14, -1.25)  (15, -3.25)  (16, 5.)  (17, 13.) 
row 18: (6, -1.75)  (7, -1.25)  (8, -1.75)  (9, -1.25)  (18, 7.)  (19, 5.) 
row 19: (6, -1.25)  (7, -3.25)  (8, -1.25)  (9, -3.25)  (18, 5.)  (19, 13.) 
row 20: (0, -1.75)  (1, -1.25)  (2, -1.75)  (3, -1.25)  (12, -1.75)  (13, -1.25)  (14, -1.75)  (15, -1.25)  (20, 7.)  (21, 5.) 
row 21: (0, -1.25)  (1, -3.25)  (2, -1.25)  (3, -3.25)  (12, -1.25)  (13, -3.25)  (14, -1.25)  (15, -3.25)  (20, 5.)  (21, 13.) 
row 22: (4, -1.75)  (5, -1.25)  (6, -1.75)  (7, -1.25)  (8, -1.75)  (9, -1.25)  (10, -1.75)  (11, -1.25)  (22, 7.)  (23, 5.) 
row 23: (4, -1.25)  (5, -3.25)  (6, -1.25)  (7, -3.25)  (8, -1.25)  (9, -3.25)  (10, -1.25)  (11, -3.25)  (22, 5.)  (23, 13.) 
row 24: (2, -1.75)  (3, -1.25)  (4, -1.75)  (5, -1.25)  (10, -1.75)  (11, -1.25)  (12, -1.75)  (13, -1.25)  (24, 7.)  (25, 5.) 
row 25: (2, -1.25)  (3, -3.25)  (4, -1.25)  (5, -3.25)  (10, -1.25)  (11, -3.25)  (12, -1.25)  (13, -3.25)  (24, 5.)  (25, 13.) 
Hand-coded minus finite-difference Jacobian (user-defined state)
Mat Object: 1 MPI processes
  type: seqaij
row 0: (0, 1.33227e-15)  (1, 2.5)  (2, 1.38778e-16)  (3, 0.375)  (14, -2.77556e-16)  (15, -0.75)  (16, -2.22045e-16)  (17, -2.25)  (20, -4.44089e-16)  (21, -0.25) 
row 1: (0, 2.5)  (1, 8.88178e-16)  (2, 0.375)  (3, -6.66134e-16)  (14, -0.75)  (15, -4.44089e-16)  (16, -2.25)  (17, -4.44089e-16)  (20, -0.25)  (21, 4.44089e-16) 
row 2: (0, 0.)  (1, 0.375)  (2, 4.44089e-16)  (3, 2.5)  (4, 3.60822e-16)  (5, 0.375)  (12, -1.66533e-16)  (13, -0.75)  (20, 0.)  (21, -2.25)  (24, 0.)  (25, -0.25) 
row 3: (0, 0.375)  (1, 0.)  (2, 2.5)  (3, 1.77636e-15)  (4, 0.375)  (5, -4.44089e-16)  (12, -0.75)  (13, 4.44089e-16)  (20, -2.25)  (21, -4.44089e-16)  (24, -0.25)  (25, -8.88178e-16) 
row 4: (2, 1.38778e-16)  (3, 0.375)  (4, 8.88178e-16)  (5, 2.5)  (6, 1.38778e-16)  (7, 0.375)  (10, -2.77556e-16)  (11, -0.75)  (22, -6.66134e-16)  (23, -0.25)  (24, -2.22045e-16)  (25, -2.25) 
row 5: (2, 0.375)  (3, -2.22045e-16)  (4, 2.5)  (5, 8.88178e-16)  (6, 0.375)  (7, -4.44089e-16)  (10, -0.75)  (11, 0.)  (22, -0.25)  (23, -8.88178e-16)  (24, -2.25)  (25, 0.) 
row 6: (4, 2.42498e-12)  (5, 0.375)  (6, -8.31468e-12)  (7, 2.5)  (8, 1.66533e-16)  (9, -0.75)  (18, 5.54534e-12)  (19, -0.25)  (22, -2.08145e-12)  (23, -2.25) 
row 7: (4, 0.375)  (5, -2.22045e-16)  (6, 2.5)  (7, -9.00968e-12)  (8, -0.75)  (9, -4.44089e-16)  (18, -0.25)  (19, 8.31823e-12)  (22, -2.25)  (23, 0.) 
row 8: (6, 1.66533e-16)  (7, -0.75)  (8, 8.31513e-12)  (9, 2.5)  (10, -2.4247e-12)  (11, 0.375)  (18, -2.00973e-11)  (19, -2.25)  (22, 2.08189e-12)  (23, -0.25) 
row 9: (6, -0.75)  (7, -4.44089e-16)  (8, 2.5)  (9, 9.01235e-12)  (10, 0.375)  (11, -6.66134e-16)  (18, -2.25)  (19, 1.03082e-11)  (22, -0.25)  (23, 4.44089e-16) 
row 10: (4, -2.22045e-16)  (5, -0.75)  (8, 0.)  (9, 0.375)  (10, -4.44089e-16)  (11, 2.5)  (12, 3.60822e-16)  (13, 0.375)  (22, 0.)  (23, -2.25)  (24, -4.44089e-16)  (25, -0.25) 
row 11: (4, -0.75)  (5, 0.)  (8, 0.375)  (9, 0.)  (10, 2.5)  (11, 8.88178e-16)  (12, 0.375)  (13, -4.44089e-16)  (22, -2.25)  (23, -4.44089e-16)  (24, -0.25)  (25, -8.88178e-16) 
row 12: (2, -1.66533e-16)  (3, -0.75)  (10, 1.38778e-16)  (11, 0.375)  (12, 0.)  (13, 2.5)  (14, 1.38778e-16)  (15, 0.375)  (20, -4.44089e-16)  (21, -0.25)  (24, -2.22045e-16)  (25, -2.25) 
row 13: (2, -0.75)  (3, 0.)  (10, 0.375)  (11, -2.22045e-16)  (12, 2.5)  (13, 1.77636e-15)  (14, 0.375)  (15, -4.44089e-16)  (20, -0.25)  (21, -8.88178e-16)  (24, -2.25)  (25, 0.) 
row 14: (0, -8.32667e-17)  (1, -0.75)  (12, 5.55112e-17)  (13, 0.375)  (14, 0.)  (15, 2.5)  (16, -4.44089e-16)  (17, -0.25)  (20, 0.)  (21, -2.25) 
row 15: (0, -0.75)  (1, 4.44089e-16)  (12, 0.375)  (13, -2.22045e-16)  (14, 2.5)  (15, 1.77636e-15)  (16, -0.25)  (17, -8.88178e-16)  (20, -2.25)  (21, 0.) 
row 16: (0, -4.44089e-16)  (1, -2.25)  (14, -4.44089e-16)  (15, -0.25)  (16, 0.)  (17, 5.) 
row 17: (0, -2.25)  (1, 4.44089e-16)  (14, -0.25)  (15, 0.)  (16, 5.)  (17, 3.55271e-15) 
row 18: (6, 5.54534e-12)  (7, -0.25)  (8, -5.54534e-12)  (9, -2.25)  (18, 0.)  (19, 5.) 
row 19: (6, -0.25)  (7, 1.66387e-11)  (8, -2.25)  (9, -1.66342e-11)  (18, 5.)  (19, 5.82006e-11) 
row 20: (0, -4.44089e-16)  (1, -0.25)  (2, 0.)  (3, -2.25)  (12, -4.44089e-16)  (13, -0.25)  (14, 0.)  (15, -2.25)  (20, 1.77636e-15)  (21, 5.) 
row 21: (0, -0.25)  (1, -4.44089e-16)  (2, -2.25)  (3, 0.)  (12, -0.25)  (13, -8.88178e-16)  (14, -2.25)  (15, 0.)  (20, 5.)  (21, 0.) 
row 22: (4, -4.44089e-16)  (5, -0.25)  (6, 0.)  (7, -2.25)  (8, -4.44089e-16)  (9, -0.25)  (10, 0.)  (11, -2.25)  (22, 1.77636e-15)  (23, 5.) 
row 23: (4, -0.25)  (5, -8.88178e-16)  (6, -2.25)  (7, 0.)  (8, -0.25)  (9, -4.44089e-16)  (10, -2.25)  (11, 0.)  (22, 5.)  (23, 0.) 
row 24: (2, 0.)  (3, -0.25)  (4, -2.22045e-16)  (5, -2.25)  (10, -4.44089e-16)  (11, -0.25)  (12, -2.22045e-16)  (13, -2.25)  (24, 1.77636e-15)  (25, 5.) 
row 25: (2, -0.25)  (3, -4.44089e-16)  (4, -2.25)  (5, 0.)  (10, -0.25)  (11, -4.44089e-16)  (12, -2.25)  (13, 0.)  (24, 5.)  (25, 0.) 
Norm of matrix ratio 0.458102, difference 22.9429 (user-defined state)
Finite difference Jacobian (constant state -1.0)
Mat Object: 1 MPI processes
  type: seqaij
row 0: (0, 3.5)  (1, 2.26267e-09)  (2, 0.125)  (14, -0.25)  (16, -1.75)  (17, 1.)  (20, -1.75)  (21, -1.) 
row 1: (0, -6.03379e-09)  (1, 6.5)  (3, 1.375)  (15, -2.75)  (16, 1.)  (17, -3.25)  (20, -1.)  (21, -3.25) 
row 2: (0, 0.125)  (1, 4.15861e-12)  (2, 3.5)  (3, -2.07902e-11)  (4, 0.125)  (5, 5.54406e-12)  (12, -0.25)  (13, -1.10879e-11)  (20, -1.75)  (21, 1.)  (24, -1.75)  (25, -1.) 
row 3: (0, 4.15861e-12)  (1, 1.375)  (2, -2.07902e-11)  (3, 6.5)  (4, 5.54406e-12)  (5, 1.375)  (12, -1.10879e-11)  (13, -2.75)  (20, 1.)  (21, -3.25)  (24, -1.)  (25, -3.25) 
row 4: (2, 0.125)  (3, 5.54404e-12)  (4, 3.5)  (5, -2.07903e-11)  (6, 0.125)  (7, 4.15827e-12)  (10, -0.25)  (11, -1.10879e-11)  (22, -1.75)  (23, -1.)  (24, -1.75)  (25, 1.) 
row 5: (2, 5.54404e-12)  (3, 1.375)  (4, -2.07903e-11)  (5, 6.5)  (6, 4.15827e-12)  (7, 1.375)  (10, -1.10879e-11)  (11, -2.75)  (22, -1.)  (23, -3.25)  (24, 1.)  (25, -3.25) 
row 6: (4, 0.125)  (6, 3.5)  (7, -1.50845e-09)  (8, -0.25)  (18, -1.75)  (19, -1.)  (22, -1.75)  (23, 1.) 
row 7: (5, 1.375)  (6, -6.03379e-09)  (7, 6.5)  (9, -2.75)  (18, -1.)  (19, -3.25)  (22, 1.)  (23, -3.25) 
row 8: (6, -0.25)  (8, 3.5)  (9, -3.77112e-09)  (10, 0.125)  (18, -1.75)  (19, 1.)  (22, -1.75)  (23, -1.) 
row 9: (7, -2.75)  (8, -6.03379e-09)  (9, 6.5)  (11, 1.375)  (18, 1.)  (19, -3.25)  (22, -1.)  (23, -3.25) 
row 10: (4, -0.25)  (5, -1.10879e-11)  (8, 0.125)  (9, 4.15861e-12)  (10, 3.5)  (11, -2.07906e-11)  (12, 0.125)  (13, 5.54406e-12)  (22, -1.75)  (23, 1.)  (24, -1.75)  (25, -1.) 
row 11: (4, -1.10879e-11)  (5, -2.75)  (8, 4.15861e-12)  (9, 1.375)  (10, -2.07906e-11)  (11, 6.5)  (12, 5.54406e-12)  (13, 1.375)  (22, 1.)  (23, -3.25)  (24, -1.)  (25, -3.25) 
row 12: (2, -0.25)  (3, -1.10879e-11)  (10, 0.125)  (11, 5.54404e-12)  (12, 3.5)  (13, -2.07906e-11)  (14, 0.125)  (15, 4.15827e-12)  (20, -1.75)  (21, -1.)  (24, -1.75)  (25, 1.) 
row 13: (2, -1.10879e-11)  (3, -2.75)  (10, 5.54404e-12)  (11, 1.375)  (12, -2.07906e-11)  (13, 6.5)  (14, 4.15827e-12)  (15, 1.375)  (20, -1.)  (21, -3.25)  (24, 1.)  (25, -3.25) 
row 14: (0, -0.25)  (12, 0.125)  (14, 3.5)  (15, -1.50845e-09)  (16, -1.75)  (17, -1.)  (20, -1.75)  (21, 1.) 
row 15: (1, -2.75)  (13, 1.375)  (14, 6.03379e-09)  (15, 6.5)  (16, -1.)  (17, -3.25)  (20, 1.)  (21, -3.25) 
row 16: (0, -1.75)  (1, 1.)  (14, -1.75)  (15, -1.)  (16, 7.) 
row 17: (0, 1.)  (1, -3.25)  (14, -1.)  (15, -3.25)  (17, 13.) 
row 18: (6, -1.75)  (7, -1.)  (8, -1.75)  (9, 1.)  (18, 7.) 
row 19: (6, -1.)  (7, -3.25)  (8, 1.)  (9, -3.25)  (19, 13.) 
row 20: (0, -1.75)  (1, -1.)  (2, -1.75)  (3, 1.)  (12, -1.75)  (13, -1.)  (14, -1.75)  (15, 1.)  (20, 7.)  (21, -3.3267e-11) 
row 21: (0, -1.)  (1, -3.25)  (2, 1.)  (3, -3.25)  (12, -1.)  (13, -3.25)  (14, 1.)  (15, -3.25)  (20, -3.3267e-11)  (21, 13.) 
row 22: (4, -1.75)  (5, -1.)  (6, -1.75)  (7, 1.)  (8, -1.75)  (9, -1.)  (10, -1.75)  (11, 1.)  (22, 7.)  (23, -3.3267e-11) 
row 23: (4, -1.)  (5, -3.25)  (6, 1.)  (7, -3.25)  (8, -1.)  (9, -3.25)  (10, 1.)  (11, -3.25)  (22, -3.3267e-11)  (23, 13.) 
row 24: (2, -1.75)  (3, -1.)  (4, -1.75)  (5, 1.)  (10, -1.75)  (11, -1.)  (12, -1.75)  (13, 1.)  (24, 7.)  (25, -4.43517e-11) 
row 25: (2, -1.)  (3, -3.25)  (4, 1.)  (5, -3.25)  (10, -1.)  (11, -3.25)  (12, 1.)  (13, -3.25)  (24, -4.43517e-11)  (25, 13.) 
Hand-coded Jacobian (constant state -1.0)
Mat Object: 1 MPI processes
  type: seqaij
row 0: (0, 3.5)  (1, 2.5)  (2, 0.125)  (3, 0.375)  (14, -0.25)  (15, -0.75)  (16, -1.75)  (17, -1.25)  (20, -1.75)  (21, -1.25) 
row 1: (0, 2.5)  (1, 6.5)  (2, 0.375)  (3, 1.375)  (14, -0.75)  (15, -2.75)  (16, -1.25)  (17, -3.25)  (20, -1.25)  (21, -3.25) 
row 2: (0, 0.125)  (1, 0.375)  (2, 3.5)  (3, 2.5)  (4, 0.125)  (5, 0.375)  (12, -0.25)  (13, -0.75)  (20, -1.75)  (21, -1.25)  (24, -1.75)  (25, -1.25) 
row 3: (0, 0.375)  (1, 1.375)  (2, 2.5)  (3, 6.5)  (4, 0.375)  (5, 1.375)  (12, -0.75)  (13, -2.75)  (20, -1.25)  (21, -3.25)  (24, -1.25)  (25, -3.25) 
row 4: (2, 0.125)  (3, 0.375)  (4, 3.5)  (5, 2.5)  (6, 0.125)  (7, 0.375)  (10, -0.25)  (11, -0.75)  (22, -1.75)  (23, -1.25)  (24, -1.75)  (25, -1.25) 
row 5: (2, 0.375)  (3, 1.375)  (4, 2.5)  (5, 6.5)  (6, 0.375)  (7, 1.375)  (10, -0.75)  (11, -2.75)  (22, -1.25)  (23, -3.25)  (24, -1.25)  (25, -3.25) 
row 6: (4, 0.125)  (5, 0.375)  (6, 3.5)  (7, 2.5)  (8, -0.25)  (9, -0.75)  (18, -1.75)  (19, -1.25)  (22, -1.75)  (23, -1.25) 
row 7: (4, 0.375)  (5, 1.375)  (6, 2.5)  (7, 6.5)  (8, -0.75)  (9, -2.75)  (18, -1.25)  (19, -3.25)  (22, -1.25)  (23, -3.25) 
row 8: (6, -0.25)  (7, -0.75)  (8, 3.5)  (9, 2.5)  (10, 0.125)  (11, 0.375)  (18, -1.75)  (19, -1.25)  (22, -1.75)  (23, -1.25) 
row 9: (6, -0.75)  (7, -2.75)  (8, 2.5)  (9, 6.5)  (10, 0.375)  (11, 1.375)  (18, -1.25)  (19, -3.25)  (22, -1.25)  (23, -3.25) 
row 10: (4, -0.25)  (5, -0.75)  (8, 0.125)  (9, 0.375)  (10, 3.5)  (11, 2.5)  (12, 0.125)  (13, 0.375)  (22, -1.75)  (23, -1.25)  (24, -1.75)  (25, -1.25) 
row 11: (4, -0.75)  (5, -2.75)  (8, 0.375)  (9, 1.375)  (10, 2.5)  (11, 6.5)  (12, 0.375)  (13, 1.375)  (22, -1.25)  (23, -3.25)  (24, -1.25)  (25, -3.25) 
row 12: (2, -0.25)  (3, -0.75)  (10, 0.125)  (11, 0.375)  (12, 3.5)  (13, 2.5)  (14, 0.125)  (15, 0.375)  (20, -1.75)  (21, -1.25)  (24, -1.75)  (25, -1.25) 
row 13: (2, -0.75)  (3, -2.75)  (10, 0.375)  (11, 1.375)  (12, 2.5)  (13, 6.5)  (14, 0.375)  (15, 1.375)  (20, -1.25)  (21, -3.25)  (24, -1.25)  (25, -3.25) 
row 14: (0, -0.25)  (1, -0.75)  (12, 0.125)  (13, 0.375)  (14, 3.5)  (15, 2.5)  (16, -1.75)  (17, -1.25)  (20, -1.75)  (21, -1.25) 
row 15: (0, -0.75)  (1, -2.75)  (12, 0.375)  (13, 1.375)  (14, 2.5)  (15, 6.5)  (16, -1.25)  (17, -3.25)  (20, -1.25)  (21, -3.25) 
row 16: (0, -1.75)  (1, -1.25)  (14, -1.75)  (15, -1.25)  (16, 7.)  (17, 5.) 
row 17: (0, -1.25)  (1, -3.25)  (14, -1.25)  (15, -3.25)  (16, 5.)  (17, 13.) 
row 18: (6, -1.75)  (7, -1.25)  (8, -1.75)  (9, -1.25)  (18, 7.)  (19, 5.) 
row 19: (6, -1.25)  (7, -3.25)  (8, -1.25)  (9, -3.25)  (18, 5.)  (19, 13.) 
row 20: (0, -1.75)  (1, -1.25)  (2, -1.75)  (3, -1.25)  (12, -1.75)  (13, -1.25)  (14, -1.75)  (15, -1.25)  (20, 7.)  (21, 5.) 
row 21: (0, -1.25)  (1, -3.25)  (2, -1.25)  (3, -3.25)  (12, -1.25)  (13, -3.25)  (14, -1.25)  (15, -3.25)  (20, 5.)  (21, 13.) 
row 22: (4, -1.75)  (5, -1.25)  (6, -1.75)  (7, -1.25)  (8, -1.75)  (9, -1.25)  (10, -1.75)  (11, -1.25)  (22, 7.)  (23, 5.) 
row 23: (4, -1.25)  (5, -3.25)  (6, -1.25)  (7, -3.25)  (8, -1.25)  (9, -3.25)  (10, -1.25)  (11, -3.25)  (22, 5.)  (23, 13.) 
row 24: (2, -1.75)  (3, -1.25)  (4, -1.75)  (5, -1.25)  (10, -1.75)  (11, -1.25)  (12, -1.75)  (13, -1.25)  (24, 7.)  (25, 5.) 
row 25: (2, -1.25)  (3, -3.25)  (4, -1.25)  (5, -3.25)  (10, -1.25)  (11, -3.25)  (12, -1.25)  (13, -3.25)  (24, 5.)  (25, 13.) 
Hand-coded minus finite-difference Jacobian (constant state -1.0)
Mat Object: 1 MPI processes
  type: seqaij
row 0: (0, -5.86221e-09)  (1, 2.5)  (2, 4.48379e-10)  (3, 0.375)  (14, -1.47383e-10)  (15, -0.75)  (16, -5.56257e-09)  (17, -2.25)  (20, -1.01505e-09)  (21, -0.25) 
row 1: (0, 2.5)  (1, 3.80772e-09)  (2, 0.375)  (3, -7.0234e-10)  (14, -0.75)  (15, -4.63811e-09)  (16, -2.25)  (17, -4.94952e-09)  (20, -0.25)  (21, -4.88298e-09) 
row 2: (0, 7.36917e-11)  (1, 0.375)  (2, 2.06337e-09)  (3, 2.5)  (4, 7.3692e-11)  (5, 0.375)  (12, -1.47384e-10)  (13, -0.75)  (20, -1.03169e-09)  (21, -2.25)  (24, -1.03169e-09)  (25, -0.25) 
row 3: (0, 0.375)  (1, 8.1061e-10)  (2, 2.5)  (3, 3.83198e-09)  (4, 0.375)  (5, 8.1061e-10)  (12, -0.75)  (13, -1.62122e-09)  (20, -2.25)  (21, -1.91599e-09)  (24, -0.25)  (25, -1.91599e-09) 
row 4: (2, 7.3692e-11)  (3, 0.375)  (4, 2.06337e-09)  (5, 2.5)  (6, 7.36917e-11)  (7, 0.375)  (10, -1.47384e-10)  (11, -0.75)  (22, -1.03169e-09)  (23, -0.25)  (24, -1.03169e-09)  (25, -2.25) 
row 5: (2, 0.375)  (3, 8.1061e-10)  (4, 2.5)  (5, 3.83198e-09)  (6, 0.375)  (7, 8.1061e-10)  (10, -0.75)  (11, -1.62122e-09)  (22, -0.25)  (23, -1.91599e-09)  (24, -2.25)  (25, -1.91599e-09) 
row 6: (4, 7.61168e-11)  (5, 0.375)  (6, 4.33228e-09)  (7, 2.5)  (8, -1.47383e-10)  (9, -0.75)  (18, -3.28881e-09)  (19, -0.25)  (22, -1.04832e-09)  (23, -2.25) 
row 7: (4, 0.375)  (5, -6.93334e-10)  (6, 2.5)  (7, 9.89002e-09)  (8, -0.75)  (9, -4.63812e-09)  (18, -0.25)  (19, -1.69838e-08)  (22, -2.25)  (23, 1.05101e-09) 
row 8: (6, -1.47383e-10)  (7, -0.75)  (8, 4.3198e-09)  (9, 2.5)  (10, 7.12671e-11)  (11, 0.375)  (18, -1.03723e-09)  (19, -2.25)  (22, -1.01505e-09)  (23, -0.25) 
row 9: (6, -0.75)  (7, -4.63812e-09)  (8, 2.5)  (9, 3.80772e-09)  (10, 0.375)  (11, -7.0234e-10)  (18, -2.25)  (19, -4.94952e-09)  (22, -0.25)  (23, -4.88298e-09) 
row 10: (4, -1.47384e-10)  (5, -0.75)  (8, 7.36917e-11)  (9, 0.375)  (10, 2.06337e-09)  (11, 2.5)  (12, 7.3692e-11)  (13, 0.375)  (22, -1.03169e-09)  (23, -2.25)  (24, -1.03169e-09)  (25, -0.25) 
row 11: (4, -0.75)  (5, -1.62122e-09)  (8, 0.375)  (9, 8.1061e-10)  (10, 2.5)  (11, 3.83198e-09)  (12, 0.375)  (13, 8.1061e-10)  (22, -2.25)  (23, -1.91599e-09)  (24, -0.25)  (25, -1.91599e-09) 
row 12: (2, -1.47384e-10)  (3, -0.75)  (10, 7.3692e-11)  (11, 0.375)  (12, 2.06337e-09)  (13, 2.5)  (14, 7.36917e-11)  (15, 0.375)  (20, -1.03169e-09)  (21, -0.25)  (24, -1.03169e-09)  (25, -2.25) 
row 13: (2, -0.75)  (3, -1.62122e-09)  (10, 0.375)  (11, 8.1061e-10)  (12, 2.5)  (13, 3.83198e-09)  (14, 0.375)  (15, 8.1061e-10)  (20, -0.25)  (21, -1.91599e-09)  (24, -2.25)  (25, -1.91599e-09) 
row 14: (0, -1.47383e-10)  (1, -0.75)  (12, 7.61168e-11)  (13, 0.375)  (14, 5.0865e-09)  (15, 2.5)  (16, -3.66592e-09)  (17, -0.25)  (20, -1.04832e-09)  (21, -2.25) 
row 15: (0, -0.75)  (1, -4.63811e-09)  (12, 0.375)  (13, -6.93334e-10)  (14, 2.5)  (15, 9.89002e-09)  (16, -0.25)  (17, -1.095e-08)  (20, -2.25)  (21, 1.05101e-09) 
row 16: (0, 1.97966e-09)  (1, -2.25)  (14, -1.00768e-08)  (15, -0.25)  (16, -7.94084e-09)  (17, 5.) 
row 17: (0, -2.25)  (1, 7.11806e-09)  (14, -0.25)  (15, 7.15133e-09)  (16, 5.)  (17, 1.97315e-08) 
row 18: (6, -1.00768e-08)  (7, -0.25)  (8, 1.97966e-09)  (9, -2.25)  (18, 1.61943e-08)  (19, 5.) 
row 19: (6, -0.25)  (7, -1.69838e-08)  (8, -2.25)  (9, 7.11806e-09)  (18, 5.)  (19, 6.80018e-08) 
row 20: (0, -1.03169e-09)  (1, -0.25)  (2, -1.03169e-09)  (3, -2.25)  (12, -1.03169e-09)  (13, -0.25)  (14, -1.03169e-09)  (15, -2.25)  (20, 4.12675e-09)  (21, 5.) 
row 21: (0, -0.25)  (1, -1.91599e-09)  (2, -2.25)  (3, -1.91599e-09)  (12, -0.25)  (13, -1.91599e-09)  (14, -2.25)  (15, -1.91599e-09)  (20, 5.)  (21, 7.66395e-09) 
row 22: (4, -1.03169e-09)  (5, -0.25)  (6, -1.03169e-09)  (7, -2.25)  (8, -1.03169e-09)  (9, -0.25)  (10, -1.03169e-09)  (11, -2.25)  (22, 4.12675e-09)  (23, 5.) 
row 23: (4, -0.25)  (5, -1.91599e-09)  (6, -2.25)  (7, -1.91599e-09)  (8, -0.25)  (9, -1.91599e-09)  (10, -2.25)  (11, -1.91599e-09)  (22, 5.)  (23, 7.66395e-09) 
row 24: (2, -1.03169e-09)  (3, -0.25)  (4, -1.03169e-09)  (5, -2.25)  (10, -1.03169e-09)  (11, -0.25)  (12, -1.03169e-09)  (13, -2.25)  (24, 4.12674e-09)  (25, 5.) 
row 25: (2, -0.25)  (3, -1.91599e-09)  (4, -2.25)  (5, -1.91599e-09)  (10, -0.25)  (11, -1.91599e-09)  (12, -2.25)  (13, -1.91599e-09)  (24, 5.)  (25, 7.66395e-09) 
Norm of matrix ratio 0.458102, difference 22.9429 (constant state -1.0)
Finite difference Jacobian (constant state 1.0)
Mat Object: 1 MPI processes
  type: seqaij
row 0: (0, 3.5)  (1, -1.88556e-09)  (2, 0.125)  (14, -0.25)  (16, -1.75)  (17, 1.)  (20, -1.75)  (21, -1.) 
row 1: (1, 6.5)  (3, 1.375)  (15, -2.75)  (16, 1.)  (17, -3.25)  (20, -1.)  (21, -3.25) 
row 2: (0, 0.125)  (1, 4.15861e-12)  (2, 3.5)  (3, -2.07902e-11)  (4, 0.125)  (5, 5.54406e-12)  (12, -0.25)  (13, -1.10879e-11)  (20, -1.75)  (21, 1.)  (24, -1.75)  (25, -1.) 
row 3: (0, 4.15861e-12)  (1, 1.375)  (2, -2.07902e-11)  (3, 6.5)  (4, 5.54406e-12)  (5, 1.375)  (12, -1.10879e-11)  (13, -2.75)  (20, 1.)  (21, -3.25)  (24, -1.)  (25, -3.25) 
row 4: (2, 0.125)  (3, 5.54404e-12)  (4, 3.5)  (5, -2.07903e-11)  (6, 0.125)  (7, 4.15827e-12)  (10, -0.25)  (11, -1.10879e-11)  (22, -1.75)  (23, -1.)  (24, -1.75)  (25, 1.) 
row 5: (2, 5.54404e-12)  (3, 1.375)  (4, -2.07903e-11)  (5, 6.5)  (6, 4.15827e-12)  (7, 1.375)  (10, -1.10879e-11)  (11, -2.75)  (22, -1.)  (23, -3.25)  (24, 1.)  (25, -3.25) 
row 6: (4, 0.125)  (6, 3.5)  (7, -1.50845e-09)  (8, -0.25)  (18, -1.75)  (19, -1.)  (22, -1.75)  (23, 1.) 
row 7: (5, 1.375)  (6, -6.03379e-09)  (7, 6.5)  (9, -2.75)  (18, -1.)  (19, -3.25)  (22, 1.)  (23, -3.25) 
row 8: (6, -0.25)  (8, 3.5)  (10, 0.125)  (18, -1.75)  (19, 1.)  (22, -1.75)  (23, -1.) 
row 9: (7, -2.75)  (8, -6.03379e-09)  (9, 6.5)  (11, 1.375)  (18, 1.)  (19, -3.25)  (22, -1.)  (23, -3.25) 
row 10: (4, -0.25)  (5, -1.10879e-11)  (8, 0.125)  (9, 4.15861e-12)  (10, 3.5)  (11, -2.07906e-11)  (12, 0.125)  (13, 5.54406e-12)  (22, -1.75)  (23, 1.)  (24, -1.75)  (25, -1.) 
row 11: (4, -1.10879e-11)  (5, -2.75)  (8, 4.15861e-12)  (9, 1.375)  (10, -2.07906e-11)  (11, 6.5)  (12, 5.54406e-12)  (13, 1.375)  (22, 1.)  (23, -3.25)  (24, -1.)  (25, -3.25) 
row 12: (2, -0.25)  (3, -1.10879e-11)  (10, 0.125)  (11, 5.54404e-12)  (12, 3.5)  (13, -2.07906e-11)  (14, 0.125)  (15, 4.15827e-12)  (20, -1.75)  (21, -1.)  (24, -1.75)  (25, 1.) 
row 13: (2, -1.10879e-11)  (3, -2.75)  (10, 5.54404e-12)  (11, 1.375)  (12, -2.07906e-11)  (13, 6.5)  (14, 4.15827e-12)  (15, 1.375)  (20, -1.)  (21, -3.25)  (24, 1.)  (25, -3.25) 
row 14: (0, -0.25)  (12, 0.125)  (14, 3.5)  (15, -2.26267e-09)  (16, -1.75)  (17, -1.)  (20, -1.75)  (21, 1.) 
row 15: (1, -2.75)  (13, 1.375)  (15, 6.5)  (16, -1.)  (17, -3.25)  (20, 1.)  (21, -3.25) 
row 16: (0, -1.75)  (1, 1.)  (14, -1.75)  (15, -1.)  (16, 7.) 
row 17: (0, 1.)  (1, -3.25)  (14, -1.)  (15, -3.25)  (17, 13.) 
row 18: (6, -1.75)  (7, -1.)  (8, -1.75)  (9, 1.)  (18, 7.) 
row 19: (6, -1.)  (7, -3.25)  (8, 1.)  (9, -3.25)  (19, 13.) 
row 20: (0, -1.75)  (1, -1.)  (2, -1.75)  (3, 1.)  (12, -1.75)  (13, -1.)  (14, -1.75)  (15, 1.)  (20, 7.)  (21, -3.3267e-11) 
row 21: (0, -1.)  (1, -3.25)  (2, 1.)  (3, -3.25)  (12, -1.)  (13, -3.25)  (14, 1.)  (15, -3.25)  (20, -3.3267e-11)  (21, 13.) 
row 22: (4, -1.75)  (5, -1.)  (6, -1.75)  (7, 1.)  (8, -1.75)  (9, -1.)  (10, -1.75)  (11, 1.)  (22, 7.)  (23, -3.3267e-11) 
row 23: (4, -1.)  (5, -3.25)  (6, 1.)  (7, -3.25)  (8, -1.)  (9, -3.25)  (10, 1.)  (11, -3.25)  (22, -3.3267e-11)  (23, 13.) 
row 24: (2, -1.75)  (3, -1.)  (4, -1.75)  (5, 1.)  (10, -1.75)  (11, -1.)  (12, -1.75)  (13, 1.)  (24, 7.)  (25, -4.43517e-11) 
row 25: (2, -1.)  (3, -3.25)  (4, 1.)  (5, -3.25)  (10, -1.)  (11, -3.25)  (12, 1.)  (13, -3.25)  (24, -4.43517e-11)  (25, 13.) 
Hand-coded Jacobian (constant state 1.0)
Mat Object: 1 MPI processes
  type: seqaij
row 0: (0, 3.5)  (1, 2.5)  (2, 0.125)  (3, 0.375)  (14, -0.25)  (15, -0.75)  (16, -1.75)  (17, -1.25)  (20, -1.75)  (21, -1.25) 
row 1: (0, 2.5)  (1, 6.5)  (2, 0.375)  (3, 1.375)  (14, -0.75)  (15, -2.75)  (16, -1.25)  (17, -3.25)  (20, -1.25)  (21, -3.25) 
row 2: (0, 0.125)  (1, 0.375)  (2, 3.5)  (3, 2.5)  (4, 0.125)  (5, 0.375)  (12, -0.25)  (13, -0.75)  (20, -1.75)  (21, -1.25)  (24, -1.75)  (25, -1.25) 
row 3: (0, 0.375)  (1, 1.375)  (2, 2.5)  (3, 6.5)  (4, 0.375)  (5, 1.375)  (12, -0.75)  (13, -2.75)  (20, -1.25)  (21, -3.25)  (24, -1.25)  (25, -3.25) 
row 4: (2, 0.125)  (3, 0.375)  (4, 3.5)  (5, 2.5)  (6, 0.125)  (7, 0.375)  (10, -0.25)  (11, -0.75)  (22, -1.75)  (23, -1.25)  (24, -1.75)  (25, -1.25) 
row 5: (2, 0.375)  (3, 1.375)  (4, 2.5)  (5, 6.5)  (6, 0.375)  (7, 1.375)  (10, -0.75)  (11, -2.75)  (22, -1.25)  (23, -3.25)  (24, -1.25)  (25, -3.25) 
row 6: (4, 0.125)  (5, 0.375)  (6, 3.5)  (7, 2.5)  (8, -0.25)  (9, -0.75)  (18, -1.75)  (19, -1.25)  (22, -1.75)  (23, -1.25) 
row 7: (4, 0.375)  (5, 1.375)  (6, 2.5)  (7, 6.5)  (8, -0.75)  (9, -2.75)  (18, -1.25)  (19, -3.25)  (22, -1.25)  (23, -3.25) 
row 8: (6, -0.25)  (7, -0.75)  (8, 3.5)  (9, 2.5)  (10, 0.125)  (11, 0.375)  (18, -1.75)  (19, -1.25)  (22, -1.75)  (23, -1.25) 
row 9: (6, -0.75)  (7, -2.75)  (8, 2.5)  (9, 6.5)  (10, 0.375)  (11, 1.375)  (18, -1.25)  (19, -3.25)  (22, -1.25)  (23, -3.25) 
row 10: (4, -0.25)  (5, -0.75)  (8, 0.125)  (9, 0.375)  (10, 3.5)  (11, 2.5)  (12, 0.125)  (13, 0.375)  (22, -1.75)  (23, -1.25)  (24, -1.75)  (25, -1.25) 
row 11: (4, -0.75)  (5, -2.75)  (8, 0.375)  (9, 1.375)  (10, 2.5)  (11, 6.5)  (12, 0.375)  (13, 1.375)  (22, -1.25)  (23, -3.25)  (24, -1.25)  (25, -3.25) 
row 12: (2, -0.25)  (3, -0.75)  (10, 0.125)  (11, 0.375)  (12, 3.5)  (13, 2.5)  (14, 0.125)  (15, 0.375)  (20, -1.75)  (21, -1.25)  (24, -1.75)  (25, -1.25) 
row 13: (2, -0.75)  (3, -2.75)  (10, 0.375)  (11, 1.375)  (12, 2.5)  (13, 6.5)  (14, 0.375)  (15, 1.375)  (20, -1.25)  (21, -3.25)  (24, -1.25)  (25, -3.25) 
row 14: (0, -0.25)  (1, -0.75)  (12, 0.125)  (13, 0.375)  (14, 3.5)  (15, 2.5)  (16, -1.75)  (17, -1.25)  (20, -1.75)  (21, -1.25) 
row 15: (0, -0.75)  (1, -2.75)  (12, 0.375)  (13, 1.375)  (14, 2.5)  (15, 6.5)  (16, -1.25)  (17, -3.25)  (20, -1.25)  (21, -3.25) 
row 16: (0, -1.75)  (1, -1.25)  (14, -1.75)  (15, -1.25)  (16, 7.)  (17, 5.) 
row 17: (0, -1.25)  (1, -3.25)  (14, -1.25)  (15, -3.25)  (16, 5.)  (17, 13.) 
row 18: (6, -1.75)  (7, -1.25)  (8, -1.75)  (9, -1.25)  (18, 7.)  (19, 5.) 
row 19: (6, -1.25)  (7, -3.25)  (8, -1.25)  (9, -3.25)  (18, 5.)  (19, 13.) 
row 20: (0, -1.75)  (1, -1.25)  (2, -1.75)  (3, -1.25)  (12, -1.75)  (13, -1.25)  (14, -1.75)  (15, -1.25)  (20, 7.)  (21, 5.) 
row 21: (0, -1.25)  (1, -3.25)  (2, -1.25)  (3, -3.25)  (12, -1.25)  (13, -3.25)  (14, -1.25)  (15, -3.25)  (20, 5.)  (21, 13.) 
row 22: (4, -1.75)  (5, -1.25)  (6, -1.75)  (7, -1.25)  (8, -1.75)  (9, -1.25)  (10, -1.75)  (11, -1.25)  (22, 7.)  (23, 5.) 
row 23: (4, -1.25)  (5, -3.25)  (6, -1.25)  (7, -3.25)  (8, -1.25)  (9, -3.25)  (10, -1.25)  (11, -3.25)  (22, 5.)  (23, 13.) 
row 24: (2, -1.75)  (3, -1.25)  (4, -1.75)  (5, -1.25)  (10, -1.75)  (11, -1.25)  (12, -1.75)  (13, -1.25)  (24, 7.)  (25, 5.) 
row 25: (2, -1.25)  (3, -3.25)  (4, -1.25)  (5, -3.25)  (10, -1.25)  (11, -3.25)  (12, -1.25)  (13, -3.25)  (24, 5.)  (25, 13.) 
Hand-coded minus finite-difference Jacobian (constant state 1.0)
Mat Object: 1 MPI processes
  type: seqaij
row 0: (0, 3.94269e-09)  (1, 2.5)  (2, 7.12671e-11)  (3, 0.375)  (14, -5.24495e-10)  (15, -0.75)  (16, -1.41434e-09)  (17, -2.25)  (20, -1.39216e-09)  (21, -0.25) 
row 1: (0, 2.5)  (1, 9.84151e-09)  (2, 0.375)  (3, -7.0234e-10)  (14, -0.75)  (15, -4.63811e-09)  (16, -2.25)  (17, -4.94952e-09)  (20, -0.25)  (21, -4.88298e-09) 
row 2: (0, 7.36917e-11)  (1, 0.375)  (2, 2.06337e-09)  (3, 2.5)  (4, 7.3692e-11)  (5, 0.375)  (12, -1.47384e-10)  (13, -0.75)  (20, -1.03169e-09)  (21, -2.25)  (24, -1.03169e-09)  (25, -0.25) 
row 3: (0, 0.375)  (1, 8.1061e-10)  (2, 2.5)  (3, 3.83198e-09)  (4, 0.375)  (5, 8.1061e-10)  (12, -0.75)  (13, -1.62122e-09)  (20, -2.25)  (21, -1.91599e-09)  (24, -0.25)  (25, -1.91599e-09) 
row 4: (2, 7.3692e-11)  (3, 0.375)  (4, 2.06337e-09)  (5, 2.5)  (6, 7.36917e-11)  (7, 0.375)  (10, -1.47384e-10)  (11, -0.75)  (22, -1.03169e-09)  (23, -0.25)  (24, -1.03169e-09)  (25, -2.25) 
row 5: (2, 0.375)  (3, 8.1061e-10)  (4, 2.5)  (5, 3.83198e-09)  (6, 0.375)  (7, 8.1061e-10)  (10, -0.75)  (11, -1.62122e-09)  (22, -0.25)  (23, -1.91599e-09)  (24, -2.25)  (25, -1.91599e-09) 
row 6: (4, 7.61168e-11)  (5, 0.375)  (6, 5.46361e-09)  (7, 2.5)  (8, -1.47383e-10)  (9, -0.75)  (18, -3.66592e-09)  (19, -0.25)  (22, -1.04832e-09)  (23, -2.25) 
row 7: (4, 0.375)  (5, -6.93334e-10)  (6, 2.5)  (7, 9.89002e-09)  (8, -0.75)  (9, -4.63812e-09)  (18, -0.25)  (19, -1.095e-08)  (22, -2.25)  (23, 1.05101e-09) 
row 8: (6, -1.47383e-10)  (7, -0.75)  (8, 2.05713e-09)  (9, 2.5)  (10, 7.12671e-11)  (11, 0.375)  (18, -5.18546e-09)  (19, -2.25)  (22, -1.01505e-09)  (23, -0.25) 
row 9: (6, -0.75)  (7, -4.63812e-09)  (8, 2.5)  (9, 9.84151e-09)  (10, 0.375)  (11, -7.0234e-10)  (18, -2.25)  (19, 1.08427e-09)  (22, -0.25)  (23, -4.88298e-09) 
row 10: (4, -1.47384e-10)  (5, -0.75)  (8, 7.36917e-11)  (9, 0.375)  (10, 2.06337e-09)  (11, 2.5)  (12, 7.3692e-11)  (13, 0.375)  (22, -1.03169e-09)  (23, -2.25)  (24, -1.03169e-09)  (25, -0.25) 
row 11: (4, -0.75)  (5, -1.62122e-09)  (8, 0.375)  (9, 8.1061e-10)  (10, 2.5)  (11, 3.83198e-09)  (12, 0.375)  (13, 8.1061e-10)  (22, -2.25)  (23, -1.91599e-09)  (24, -0.25)  (25, -1.91599e-09) 
row 12: (2, -1.47384e-10)  (3, -0.75)  (10, 7.3692e-11)  (11, 0.375)  (12, 2.06337e-09)  (13, 2.5)  (14, 7.36917e-11)  (15, 0.375)  (20, -1.03169e-09)  (21, -0.25)  (24, -1.03169e-09)  (25, -2.25) 
row 13: (2, -0.75)  (3, -1.62122e-09)  (10, 0.375)  (11, 8.1061e-10)  (12, 2.5)  (13, 3.83198e-09)  (14, 0.375)  (15, 8.1061e-10)  (20, -0.25)  (21, -1.91599e-09)  (24, -2.25)  (25, -1.91599e-09) 
row 14: (0, -1.47383e-10)  (1, -0.75)  (12, 7.61168e-11)  (13, 0.375)  (14, 3.20094e-09)  (15, 2.5)  (16, -3.28881e-09)  (17, -0.25)  (20, -1.04832e-09)  (21, -2.25) 
row 15: (0, -0.75)  (1, -4.63811e-09)  (12, 0.375)  (13, -6.93334e-10)  (14, 2.5)  (15, 1.59238e-08)  (16, -0.25)  (17, -1.095e-08)  (20, -2.25)  (21, 1.05101e-09) 
row 16: (0, 1.97966e-09)  (1, -2.25)  (14, 1.99075e-09)  (15, -0.25)  (16, 1.61943e-08)  (17, 5.) 
row 17: (0, -2.25)  (1, 7.11806e-09)  (14, -0.25)  (15, -4.1119e-08)  (16, 5.)  (17, 1.97315e-08) 
row 18: (6, -1.00768e-08)  (7, -0.25)  (8, 1.97966e-09)  (9, -2.25)  (18, 2.82619e-08)  (19, 5.) 
row 19: (6, -0.25)  (7, -1.69838e-08)  (8, -2.25)  (9, 7.11806e-09)  (18, 5.)  (19, 1.97315e-08) 
row 20: (0, -1.03169e-09)  (1, -0.25)  (2, -1.03169e-09)  (3, -2.25)  (12, -1.03169e-09)  (13, -0.25)  (14, -1.03169e-09)  (15, -2.25)  (20, 4.12675e-09)  (21, 5.) 
row 21: (0, -0.25)  (1, -1.91599e-09)  (2, -2.25)  (3, -1.91599e-09)  (12, -0.25)  (13, -1.91599e-09)  (14, -2.25)  (15, -1.91599e-09)  (20, 5.)  (21, 7.66395e-09) 
row 22: (4, -1.03169e-09)  (5, -0.25)  (6, -1.03169e-09)  (7, -2.25)  (8, -1.03169e-09)  (9, -0.25)  (10, -1.03169e-09)  (11, -2.25)  (22, 4.12675e-09)  (23, 5.) 
row 23: (4, -0.25)  (5, -1.91599e-09)  (6, -2.25)  (7, -1.91599e-09)  (8, -0.25)  (9, -1.91599e-09)  (10, -2.25)  (11, -1.91599e-09)  (22, 5.)  (23, 7.66395e-09) 
row 24: (2, -1.03169e-09)  (3, -0.25)  (4, -1.03169e-09)  (5, -2.25)  (10, -1.03169e-09)  (11, -0.25)  (12, -1.03169e-09)  (13, -2.25)  (24, 4.12674e-09)  (25, 5.) 
row 25: (2, -0.25)  (3, -1.91599e-09)  (4, -2.25)  (5, -1.91599e-09)  (10, -0.25)  (11, -1.91599e-09)  (12, -2.25)  (13, -1.91599e-09)  (24, 5.)  (25, 7.66395e-09) 
Norm of matrix ratio 0.458102, difference 22.9429 (constant state 1.0)
