Problem set up with 1 fields
Testing hand-coded Jacobian, if the ratio is
O(1.e-8), the hand-coded Jacobian is probably correct.
Finite difference Jacobian (user-defined state)
Mat Object: 1 MPI processes
  type: seqaij
row 0: (0, 315.773)  (1, -2.27082e-10)  (2, -7.27667)  (3, 7.35)  (18, 14.5533)  (19, -6.18321e-10)  (22, -157.887)  (23, 100.7)  (24, -157.887)  (25, -100.7) 
row 1: (0, -4.85369e-05)  (1, 530.6)  (2, -7.35001)  (3, 106.85)  (18, -1.65799e-05)  (19, -213.7)  (22, 100.7)  (23, -265.3)  (24, -100.7)  (25, -265.3) 
row 2: (0, -7.27667)  (1, -7.35)  (2, 315.773)  (3, -7.52898e-10)  (4, -7.27667)  (5, 7.35)  (16, 14.5533)  (17, -5.40062e-10)  (24, -157.887)  (25, 100.7)  (30, -157.887)  (31, -100.7) 
row 3: (0, 7.34999)  (1, 106.85)  (2, -4.85381e-05)  (3, 530.6)  (4, -7.35001)  (5, 106.85)  (16, -1.65804e-05)  (17, -213.7)  (24, 100.7)  (25, -265.3)  (30, -100.7)  (31, -265.3) 
row 4: (2, -7.27667)  (3, -7.35)  (4, 315.773)  (5, -1.6812e-09)  (6, -7.27667)  (7, 7.35)  (14, 14.5533)  (15, 1.76662e-10)  (28, -157.887)  (29, -100.7)  (30, -157.887)  (31, 100.7) 
row 5: (2, 7.34999)  (3, 106.85)  (4, -4.85393e-05)  (5, 530.6)  (6, -7.35001)  (7, 106.85)  (14, -1.65803e-05)  (15, -213.7)  (28, -100.7)  (29, -265.3)  (30, 100.7)  (31, -265.3) 
row 6: (4, -7.27667)  (5, -7.35)  (6, 315.773)  (7, -8.47784e-10)  (8, -7.27667)  (9, 7.35)  (12, 14.5533)  (13, -9.19954e-10)  (26, -157.887)  (27, -100.7)  (28, -157.887)  (29, 100.7) 
row 7: (4, 7.34999)  (5, 106.85)  (6, -4.85382e-05)  (7, 530.6)  (8, -7.35001)  (9, 106.85)  (12, -1.65802e-05)  (13, -213.7)  (26, -100.7)  (27, -265.3)  (28, 100.7)  (29, -265.3) 
row 8: (6, -7.27667)  (7, -7.35)  (8, 315.773)  (9, -2.984)  (10, 14.5533)  (20, -157.887)  (21, -86.)  (26, -157.887)  (27, 100.7) 
row 9: (6, 7.34999)  (7, 106.85)  (8, -4.84586e-05)  (9, 428.16)  (10, -1.65701e-05)  (11, -213.7)  (20, -100.7)  (21, -51.6)  (26, 100.7)  (27, -265.3) 
row 10: (8, 14.5533)  (10, 315.773)  (11, -2.984)  (12, -7.27667)  (13, 7.35)  (20, -157.887)  (21, 115.4)  (26, -157.887)  (27, -100.7) 
row 11: (8, 1.66893e-05)  (9, -213.7)  (10, 4.81606e-05)  (11, 633.04)  (12, -7.34999)  (13, 106.85)  (20, 100.7)  (21, -479.)  (26, -100.7)  (27, -265.3) 
row 12: (6, 14.5533)  (7, -9.19945e-10)  (10, -7.27667)  (11, -7.35)  (12, 315.773)  (13, -6.78284e-10)  (14, -7.27667)  (15, 7.35)  (26, -157.887)  (27, 100.7)  (28, -157.887)  (29, -100.7) 
row 13: (6, 1.65776e-05)  (7, -213.7)  (10, 7.35001)  (11, 106.85)  (12, 4.85341e-05)  (13, 530.6)  (14, -7.34999)  (15, 106.85)  (26, 100.7)  (27, -265.3)  (28, -100.7)  (29, -265.3) 
row 14: (4, 14.5533)  (5, 1.76671e-10)  (12, -7.27667)  (13, -7.35)  (14, 315.773)  (15, -1.6812e-09)  (16, -7.27667)  (17, 7.35)  (28, -157.887)  (29, 100.7)  (30, -157.887)  (31, -100.7) 
row 15: (4, 1.65777e-05)  (5, -213.7)  (12, 7.35001)  (13, 106.85)  (14, 4.85328e-05)  (15, 530.6)  (16, -7.34999)  (17, 106.85)  (28, 100.7)  (29, -265.3)  (30, -100.7)  (31, -265.3) 
row 16: (2, 14.5533)  (3, -5.40078e-10)  (14, -7.27667)  (15, -7.35)  (16, 315.773)  (17, -1.09758e-09)  (18, -7.27667)  (19, 7.35)  (24, -157.887)  (25, -100.7)  (30, -157.887)  (31, 100.7) 
row 17: (2, 1.65781e-05)  (3, -213.7)  (14, 7.35001)  (15, 106.85)  (16, 4.85337e-05)  (17, 530.6)  (18, -7.34999)  (19, 106.85)  (24, -100.7)  (25, -265.3)  (30, 100.7)  (31, -265.3) 
row 18: (0, 14.5533)  (1, -6.18306e-10)  (16, -7.27667)  (17, -7.35)  (18, 315.773)  (19, -4.0226e-10)  (22, -157.887)  (23, -100.7)  (24, -157.887)  (25, 100.7) 
row 19: (0, 1.65784e-05)  (1, -213.7)  (16, 7.35001)  (17, 106.85)  (18, 4.8535e-05)  (19, 530.6)  (22, -100.7)  (23, -265.3)  (24, 100.7)  (25, -265.3) 
row 20: (8, -157.887)  (9, -100.7)  (10, -157.887)  (11, 100.7)  (20, 631.547)  (21, 378.928) 
row 21: (8, -100.7)  (9, -60.42)  (10, 100.7)  (11, -470.18)  (21, 1061.2) 
row 22: (0, -157.887)  (1, 100.7)  (18, -157.887)  (19, -100.7)  (22, 631.547)  (23, -4.7689e-10) 
row 23: (0, 100.7)  (1, -265.3)  (18, -100.7)  (19, -265.3)  (22, -1.11681e-09)  (23, 1061.2) 
row 24: (0, -157.887)  (1, -100.7)  (2, -157.887)  (3, 100.7)  (16, -157.887)  (17, -100.7)  (18, -157.887)  (19, 100.7)  (24, 631.547)  (25, -1.43056e-09) 
row 25: (0, -100.7)  (1, -265.3)  (2, 100.7)  (3, -265.3)  (16, -100.7)  (17, -265.3)  (18, 100.7)  (19, -265.3)  (24, -3.35016e-09)  (25, 1061.2) 
row 26: (6, -157.887)  (7, -100.7)  (8, -157.887)  (9, 100.7)  (10, -157.887)  (11, -100.7)  (12, -157.887)  (13, 100.7)  (26, 631.547)  (27, -1.43056e-09) 
row 27: (6, -100.7)  (7, -265.3)  (8, 100.7)  (9, -265.3)  (10, -100.7)  (11, -265.3)  (12, 100.7)  (13, -265.3)  (26, -3.35016e-09)  (27, 1061.2) 
row 28: (4, -157.887)  (5, -100.7)  (6, -157.887)  (7, 100.7)  (12, -157.887)  (13, -100.7)  (14, -157.887)  (15, 100.7)  (28, 631.547)  (29, -2.37279e-09) 
row 29: (4, -100.7)  (5, -265.3)  (6, 100.7)  (7, -265.3)  (12, -100.7)  (13, -265.3)  (14, 100.7)  (15, -265.3)  (28, -5.55675e-09)  (29, 1061.2) 
row 30: (2, -157.887)  (3, -100.7)  (4, -157.887)  (5, 100.7)  (14, -157.887)  (15, -100.7)  (16, -157.887)  (17, 100.7)  (30, 631.547)  (31, -2.37279e-09) 
row 31: (2, -100.7)  (3, -265.3)  (4, 100.7)  (5, -265.3)  (14, -100.7)  (15, -265.3)  (16, 100.7)  (17, -265.3)  (30, -5.55675e-09)  (31, 1061.2) 
Hand-coded Jacobian (user-defined state)
Mat Object: 1 MPI processes
  type: seqaij
row 0: (0, 315.773)  (1, -5.31799e-10)  (2, -7.27667)  (3, 7.35)  (18, 14.5533)  (19, -9.38272e-10)  (22, -157.887)  (23, 100.7)  (24, -157.887)  (25, -100.7) 
row 1: (0, -5.31791e-10)  (1, 530.6)  (2, -7.35)  (3, 106.85)  (18, -9.38257e-10)  (19, -213.7)  (22, 100.7)  (23, -265.3)  (24, -100.7)  (25, -265.3) 
row 2: (0, -7.27667)  (1, -7.35)  (2, 315.773)  (3, -1.76321e-09)  (4, -7.27667)  (5, 7.35)  (16, 14.5533)  (17, -1.17991e-09)  (24, -157.887)  (25, 100.7)  (30, -157.887)  (31, -100.7) 
row 3: (0, 7.35)  (1, 106.85)  (2, -1.7632e-09)  (3, 530.6)  (4, -7.35)  (5, 106.85)  (16, -1.17992e-09)  (17, -213.7)  (24, 100.7)  (25, -265.3)  (30, -100.7)  (31, -265.3) 
row 4: (2, -7.27667)  (3, -7.35)  (4, 315.773)  (5, -3.93712e-09)  (6, -7.27667)  (7, 7.35)  (14, 14.5533)  (15, -7.75472e-10)  (28, -157.887)  (29, -100.7)  (30, -157.887)  (31, 100.7) 
row 5: (2, 7.35)  (3, 106.85)  (4, -3.93715e-09)  (5, 530.6)  (6, -7.35)  (7, 106.85)  (14, -7.75465e-10)  (15, -213.7)  (28, -100.7)  (29, -265.3)  (30, 100.7)  (31, -265.3) 
row 6: (4, -7.27667)  (5, -7.35)  (6, 315.773)  (7, -1.98542e-09)  (8, -7.27667)  (9, 7.35)  (12, 14.5533)  (13, -1.55978e-09)  (26, -157.887)  (27, -100.7)  (28, -157.887)  (29, 100.7) 
row 7: (4, 7.35)  (5, 106.85)  (6, -1.98541e-09)  (7, 530.6)  (8, -7.35)  (9, 106.85)  (12, -1.5598e-09)  (13, -213.7)  (26, -100.7)  (27, -265.3)  (28, 100.7)  (29, -265.3) 
row 8: (6, -7.27667)  (7, -7.35)  (8, 315.773)  (9, -1.492)  (10, 14.5533)  (11, -5.58408e-10)  (20, -157.887)  (21, -93.35)  (26, -157.887)  (27, 100.7) 
row 9: (6, 7.35)  (7, 106.85)  (8, -1.1168e-09)  (9, 479.38)  (10, -5.58401e-10)  (11, -213.7)  (20, -100.7)  (21, -158.45)  (26, 100.7)  (27, -265.3) 
row 10: (8, 14.5533)  (9, -5.58401e-10)  (10, 315.773)  (11, -1.492)  (12, -7.27667)  (13, 7.35)  (20, -157.887)  (21, 108.05)  (26, -157.887)  (27, -100.7) 
row 11: (8, -5.58401e-10)  (9, -213.7)  (10, -1.11678e-09)  (11, 581.82)  (12, -7.35)  (13, 106.85)  (20, 100.7)  (21, -372.15)  (26, -100.7)  (27, -265.3) 
row 12: (6, 14.5533)  (7, -1.55979e-09)  (10, -7.27667)  (11, -7.35)  (12, 315.773)  (13, -1.58846e-09)  (14, -7.27667)  (15, 7.35)  (26, -157.887)  (27, 100.7)  (28, -157.887)  (29, -100.7) 
row 13: (6, -1.55979e-09)  (7, -213.7)  (10, 7.35)  (11, 106.85)  (12, -1.58846e-09)  (13, 530.6)  (14, -7.35)  (15, 106.85)  (26, 100.7)  (27, -265.3)  (28, -100.7)  (29, -265.3) 
row 14: (4, 14.5533)  (5, -7.75479e-10)  (12, -7.27667)  (13, -7.35)  (14, 315.773)  (15, -3.9371e-09)  (16, -7.27667)  (17, 7.35)  (28, -157.887)  (29, 100.7)  (30, -157.887)  (31, -100.7) 
row 15: (4, -7.75458e-10)  (5, -213.7)  (12, 7.35)  (13, 106.85)  (14, -3.93712e-09)  (15, 530.6)  (16, -7.35)  (17, 106.85)  (28, 100.7)  (29, -265.3)  (30, -100.7)  (31, -265.3) 
row 16: (2, 14.5533)  (3, -1.17991e-09)  (14, -7.27667)  (15, -7.35)  (16, 315.773)  (17, -2.57038e-09)  (18, -7.27667)  (19, 7.35)  (24, -157.887)  (25, -100.7)  (30, -157.887)  (31, 100.7) 
row 17: (2, -1.17992e-09)  (3, -213.7)  (14, 7.35)  (15, 106.85)  (16, -2.57037e-09)  (17, 530.6)  (18, -7.35)  (19, 106.85)  (24, -100.7)  (25, -265.3)  (30, 100.7)  (31, -265.3) 
row 18: (0, 14.5533)  (1, -9.38265e-10)  (16, -7.27667)  (17, -7.35)  (18, 315.773)  (19, -9.42045e-10)  (22, -157.887)  (23, -100.7)  (24, -157.887)  (25, 100.7) 
row 19: (0, -9.38265e-10)  (1, -213.7)  (16, 7.35)  (17, 106.85)  (18, -9.42038e-10)  (19, 530.6)  (22, -100.7)  (23, -265.3)  (24, 100.7)  (25, -265.3) 
row 20: (8, -157.887)  (9, -100.7)  (10, -157.887)  (11, 100.7)  (20, 631.547)  (21, 189.464) 
row 21: (8, -100.7)  (9, -162.86)  (10, 100.7)  (11, -367.74)  (20, -1.11681e-09)  (21, 1061.2) 
row 22: (0, -157.887)  (1, 100.7)  (18, -157.887)  (19, -100.7)  (22, 631.547)  (23, -1.11681e-09) 
row 23: (0, 100.7)  (1, -265.3)  (18, -100.7)  (19, -265.3)  (22, -1.11681e-09)  (23, 1061.2) 
row 24: (0, -157.887)  (1, -100.7)  (2, -157.887)  (3, 100.7)  (16, -157.887)  (17, -100.7)  (18, -157.887)  (19, 100.7)  (24, 631.547)  (25, -3.35016e-09) 
row 25: (0, -100.7)  (1, -265.3)  (2, 100.7)  (3, -265.3)  (16, -100.7)  (17, -265.3)  (18, 100.7)  (19, -265.3)  (24, -3.35016e-09)  (25, 1061.2) 
row 26: (6, -157.887)  (7, -100.7)  (8, -157.887)  (9, 100.7)  (10, -157.887)  (11, -100.7)  (12, -157.887)  (13, 100.7)  (26, 631.547)  (27, -3.35016e-09) 
row 27: (6, -100.7)  (7, -265.3)  (8, 100.7)  (9, -265.3)  (10, -100.7)  (11, -265.3)  (12, 100.7)  (13, -265.3)  (26, -3.35016e-09)  (27, 1061.2) 
row 28: (4, -157.887)  (5, -100.7)  (6, -157.887)  (7, 100.7)  (12, -157.887)  (13, -100.7)  (14, -157.887)  (15, 100.7)  (28, 631.547)  (29, -5.55675e-09) 
row 29: (4, -100.7)  (5, -265.3)  (6, 100.7)  (7, -265.3)  (12, -100.7)  (13, -265.3)  (14, 100.7)  (15, -265.3)  (28, -5.55675e-09)  (29, 1061.2) 
row 30: (2, -157.887)  (3, -100.7)  (4, -157.887)  (5, 100.7)  (14, -157.887)  (15, -100.7)  (16, -157.887)  (17, 100.7)  (30, 631.547)  (31, -5.55675e-09) 
row 31: (2, -100.7)  (3, -265.3)  (4, 100.7)  (5, -265.3)  (14, -100.7)  (15, -265.3)  (16, 100.7)  (17, -265.3)  (30, -5.55675e-09)  (31, 1061.2) 
Hand-coded minus finite-difference Jacobian (user-defined state)
Mat Object: 1 MPI processes
  type: seqaij
row 0: (0, 7.40044e-10)  (1, -3.04716e-10)  (2, 8.7279e-07)  (3, 8.7325e-07)  (18, -1.49566e-10)  (19, -3.1995e-10)  (22, -1.63066e-05)  (23, -1.63063e-05)  (24, 1.63063e-05)  (25, 1.63065e-05) 
row 1: (0, 4.85364e-05)  (1, 4.85368e-05)  (2, 8.28944e-06)  (3, 8.29093e-06)  (18, 1.65789e-05)  (19, 1.6579e-05)  (22, 4.08471e-05)  (23, 4.08457e-05)  (24, 4.08468e-05)  (25, 4.08466e-05) 
row 2: (0, -8.7303e-07)  (1, -8.73005e-07)  (2, 9.35017e-10)  (3, -1.01031e-09)  (4, 8.72793e-07)  (5, 8.73448e-07)  (16, -7.10312e-10)  (17, -6.39851e-10)  (24, -1.63063e-05)  (25, -1.63056e-05)  (30, 1.63063e-05)  (31, 1.63068e-05) 
row 3: (0, 8.2896e-06)  (1, 8.28991e-06)  (2, 4.85363e-05)  (3, 4.85373e-05)  (4, 8.28944e-06)  (5, 8.29175e-06)  (16, 1.65792e-05)  (17, 1.6579e-05)  (24, 4.08468e-05)  (25, 4.08426e-05)  (30, 4.08468e-05)  (31, 4.08476e-05) 
row 4: (2, -8.73027e-07)  (3, -8.7288e-07)  (4, -3.39924e-10)  (5, -2.25592e-09)  (6, 8.73027e-07)  (7, 8.73168e-07)  (14, -3.39877e-10)  (15, -9.52134e-10)  (28, 1.6307e-05)  (29, 1.63081e-05)  (30, -1.63063e-05)  (31, -1.63052e-05) 
row 5: (2, 8.28959e-06)  (3, 8.28939e-06)  (4, 4.85354e-05)  (5, 4.85351e-05)  (6, 8.28959e-06)  (7, 8.29059e-06)  (14, 1.65795e-05)  (15, 1.6579e-05)  (28, 4.08473e-05)  (29, 4.08531e-05)  (30, 4.08468e-05)  (31, 4.0841e-05) 
row 6: (4, -8.72793e-07)  (5, -8.72144e-07)  (6, -4.45596e-10)  (7, -1.13764e-09)  (8, 8.73029e-07)  (9, 8.7315e-07)  (12, 5.49296e-10)  (13, -6.3983e-10)  (26, 1.63066e-05)  (27, 1.63073e-05)  (28, -1.6307e-05)  (29, -1.63065e-05) 
row 7: (4, 8.28944e-06)  (5, 8.28634e-06)  (6, 4.85362e-05)  (7, 4.85361e-05)  (8, 8.2896e-06)  (9, 8.29051e-06)  (12, 1.65787e-05)  (13, 1.6579e-05)  (26, 4.08471e-05)  (27, 4.08497e-05)  (28, 4.08473e-05)  (29, 4.08465e-05) 
row 8: (6, -8.72716e-07)  (7, -8.73534e-07)  (8, -1.46434e-08)  (9, 1.492)  (10, 5.71308e-10)  (11, -5.58408e-10)  (20, 1.63042e-05)  (21, -7.34998)  (26, -1.63067e-05)  (27, -1.63062e-05) 
row 9: (6, 8.26162e-06)  (7, 8.26157e-06)  (8, 4.84575e-05)  (9, 51.22)  (10, 1.65695e-05)  (11, 1.65582e-05)  (20, 4.0937e-05)  (21, -106.85)  (26, 4.08417e-05)  (27, 4.08371e-05) 
row 10: (8, 6.15924e-09)  (9, -5.58401e-10)  (10, 5.16978e-08)  (11, 1.492)  (12, -8.75016e-07)  (13, -8.72789e-07)  (20, 1.62903e-05)  (21, -7.34998)  (26, -1.62969e-05)  (27, -1.62983e-05) 
row 11: (8, -1.66899e-05)  (9, -1.66416e-05)  (10, -4.81617e-05)  (11, -51.22)  (12, -8.20118e-06)  (13, -8.24965e-06)  (20, -4.05783e-05)  (21, 106.85)  (26, -4.09598e-05)  (27, -4.08133e-05) 
row 12: (6, -2.09493e-10)  (7, -6.39846e-10)  (10, 8.7279e-07)  (11, 8.7315e-07)  (12, 7.85576e-10)  (13, -9.10177e-10)  (14, -8.73027e-07)  (15, -8.72372e-07)  (26, 1.63066e-05)  (27, 1.63073e-05)  (28, -1.6307e-05)  (29, -1.63065e-05) 
row 13: (6, -1.65792e-05)  (7, -1.6579e-05)  (10, -8.28944e-06)  (11, -8.29051e-06)  (12, -4.85357e-05)  (13, -4.85352e-05)  (14, -8.28959e-06)  (15, -8.28728e-06)  (26, -4.08471e-05)  (27, -4.08497e-05)  (28, -4.08473e-05)  (29, -4.08465e-05) 
row 14: (4, -3.39895e-10)  (5, -9.5215e-10)  (12, 8.72793e-07)  (13, 8.7294e-07)  (14, -3.3998e-10)  (15, -2.2559e-09)  (16, -8.72793e-07)  (17, -8.72652e-07)  (28, 1.6307e-05)  (29, 1.63081e-05)  (30, -1.63063e-05)  (31, -1.63052e-05) 
row 15: (4, -1.65785e-05)  (5, -1.6579e-05)  (12, -8.28944e-06)  (13, -8.28964e-06)  (14, -4.85367e-05)  (15, -4.8537e-05)  (16, -8.28944e-06)  (17, -8.28845e-06)  (28, -4.08473e-05)  (29, -4.08531e-05)  (30, -4.08468e-05)  (31, -4.0841e-05) 
row 16: (2, 6.98934e-10)  (3, -6.39835e-10)  (14, 8.73027e-07)  (15, 8.73676e-07)  (16, -9.46557e-10)  (17, -1.4728e-09)  (18, -8.72791e-07)  (19, -8.7277e-07)  (24, -1.63063e-05)  (25, -1.63056e-05)  (30, 1.63063e-05)  (31, 1.63068e-05) 
row 17: (2, -1.65793e-05)  (3, -1.6579e-05)  (14, -8.28959e-06)  (15, -8.29269e-06)  (16, -4.85363e-05)  (17, -4.85374e-05)  (18, -8.28944e-06)  (19, -8.28894e-06)  (24, -4.08468e-05)  (25, -4.08426e-05)  (30, -4.08468e-05)  (31, -4.08476e-05) 
row 18: (0, 5.00926e-10)  (1, -3.19958e-10)  (16, 8.73029e-07)  (17, 8.73485e-07)  (18, -3.88582e-10)  (19, -5.39785e-10)  (22, -1.63066e-05)  (23, -1.63063e-05)  (24, 1.63063e-05)  (25, 1.63065e-05) 
row 19: (0, -1.65794e-05)  (1, -1.6579e-05)  (16, -8.2896e-06)  (17, -8.2919e-06)  (18, -4.8536e-05)  (19, -4.85358e-05)  (22, -4.08471e-05)  (23, -4.08457e-05)  (24, -4.08468e-05)  (25, -4.08466e-05) 
row 20: (8, -1.46735e-05)  (9, -1.44952e-05)  (10, -1.46743e-05)  (11, -1.45908e-05)  (20, 4.4505e-08)  (21, -189.464) 
row 21: (8, -2.4032e-05)  (9, -102.44)  (10, 2.40332e-05)  (11, 102.44)  (20, -1.11681e-09)  (21, 1.88078e-07) 
row 22: (0, 1.45608e-05)  (1, 1.45611e-05)  (18, 1.45608e-05)  (19, 1.45611e-05)  (22, 1.13687e-13)  (23, -6.3992e-10) 
row 23: (0, -2.42679e-05)  (1, -2.42687e-05)  (18, 2.42682e-05)  (19, 2.42687e-05)  (22, 2.53316e-16)  (23, 2.27374e-13) 
row 24: (0, -1.45618e-05)  (1, -1.45605e-05)  (2, 1.45605e-05)  (3, 1.45615e-05)  (16, 1.45618e-05)  (17, 1.45615e-05)  (18, -1.45605e-05)  (19, -1.45605e-05)  (24, 2.27374e-13)  (25, -1.91961e-09) 
row 25: (0, -2.42682e-05)  (1, -2.42688e-05)  (2, -2.42679e-05)  (3, -2.42709e-05)  (16, 2.42682e-05)  (17, 2.42728e-05)  (18, 2.42679e-05)  (19, 2.42669e-05)  (24, 2.53271e-16)  (25, 2.27374e-13) 
row 26: (6, -1.45608e-05)  (7, -1.45602e-05)  (8, 1.45608e-05)  (9, 1.45611e-05)  (10, 1.45608e-05)  (11, 1.45611e-05)  (12, -1.45608e-05)  (13, -1.45602e-05)  (26, 1.13687e-13)  (27, -1.91961e-09) 
row 27: (6, -2.42679e-05)  (7, -2.4266e-05)  (8, -2.42682e-05)  (9, -2.427e-05)  (10, 2.42679e-05)  (11, 2.427e-05)  (12, 2.42682e-05)  (13, 2.4266e-05)  (26, -2.53259e-16)  (27, 2.27374e-13) 
row 28: (4, -1.45597e-05)  (5, -1.45599e-05)  (6, 1.45612e-05)  (7, 1.45615e-05)  (12, 1.45597e-05)  (13, 1.45615e-05)  (14, -1.45612e-05)  (15, -1.45599e-05)  (28, -2.27374e-13)  (29, -3.18395e-09) 
row 29: (4, -2.42679e-05)  (5, -2.42617e-05)  (6, -2.42682e-05)  (7, -2.42702e-05)  (12, 2.42679e-05)  (13, 2.42683e-05)  (14, 2.42682e-05)  (15, 2.42636e-05)  (28, -2.47224e-16)  (29, -2.27374e-13) 
row 30: (2, -1.45619e-05)  (3, -1.45602e-05)  (4, 1.45604e-05)  (5, 1.45618e-05)  (14, 1.45619e-05)  (15, 1.45618e-05)  (16, -1.45604e-05)  (17, -1.45602e-05)  (30, -2.27374e-13)  (31, -3.18395e-09) 
row 31: (2, -2.42682e-05)  (3, -2.42678e-05)  (4, -2.42679e-05)  (5, -2.42725e-05)  (14, 2.42682e-05)  (15, 2.42744e-05)  (16, 2.42679e-05)  (17, 2.42659e-05)  (30, 2.47227e-16)  (31, 0.) 
Norm of matrix ratio 0.0681555, difference 291.681 (user-defined state)
Finite difference Jacobian (constant state -1.0)
Mat Object: 1 MPI processes
  type: seqaij
row 0: (0, 345.613)  (1, 29.84)  (2, -7.27667)  (3, 7.35)  (18, 14.5533)  (22, -304.887)  (23, -46.3)  (24, -157.887)  (25, -100.7) 
row 1: (0, -1024.4)  (1, -493.8)  (2, -7.35002)  (3, 106.85)  (18, -4.13984e-05)  (19, -213.7)  (22, 2237.7)  (23, 1871.7)  (24, -100.7)  (25, -265.3) 
row 2: (0, -7.27666)  (1, -7.35)  (2, 315.773)  (3, -7.52896e-10)  (4, -7.27667)  (5, 7.35)  (16, 14.5533)  (17, -5.40071e-10)  (24, -157.887)  (25, 100.7)  (30, -157.887)  (31, -100.7) 
row 3: (0, 7.34998)  (1, 106.85)  (2, -0.000125279)  (3, 530.6)  (4, -7.35002)  (5, 106.85)  (16, -4.28014e-05)  (17, -213.7)  (24, 100.7)  (25, -265.3)  (30, -100.7)  (31, -265.3) 
row 4: (2, -7.27666)  (3, -7.35)  (4, 315.773)  (5, -1.68119e-09)  (6, -7.27667)  (7, 7.35)  (14, 14.5533)  (15, 1.7666e-10)  (28, -157.887)  (29, -100.7)  (30, -157.887)  (31, 100.7) 
row 5: (2, 7.34998)  (3, 106.85)  (4, -0.00012528)  (5, 530.6)  (6, -7.35002)  (7, 106.85)  (14, -4.28013e-05)  (15, -213.7)  (28, -100.7)  (29, -265.3)  (30, 100.7)  (31, -265.3) 
row 6: (4, -7.27666)  (5, -7.35)  (6, 315.773)  (7, -8.47786e-10)  (8, -7.27667)  (9, 7.35)  (12, 14.5533)  (13, -9.19973e-10)  (26, -157.887)  (27, -100.7)  (28, -157.887)  (29, 100.7) 
row 7: (4, 7.34998)  (5, 106.85)  (6, -0.000125279)  (7, 530.6)  (8, -7.35002)  (9, 106.85)  (12, -4.28012e-05)  (13, -213.7)  (26, -100.7)  (27, -265.3)  (28, 100.7)  (29, -265.3) 
row 8: (6, -7.27666)  (7, -7.35)  (8, 285.933)  (9, -32.824)  (10, 14.5533)  (20, -10.8867)  (21, 61.)  (26, -157.887)  (27, 100.7) 
row 9: (6, 7.34998)  (7, 106.85)  (8, -1024.4)  (9, -596.24)  (10, -4.13984e-05)  (11, -213.7)  (20, 2036.3)  (21, 2085.4)  (26, 100.7)  (27, -265.3) 
row 10: (8, 14.5533)  (10, 285.933)  (11, -32.824)  (12, -7.27666)  (13, 7.35)  (20, -10.8867)  (21, 262.4)  (26, -157.887)  (27, -100.7) 
row 11: (8, 4.13984e-05)  (9, -213.7)  (10, 1024.4)  (11, 1657.44)  (12, -7.34998)  (13, 106.85)  (20, -2036.3)  (21, -2616.)  (26, -100.7)  (27, -265.3) 
row 12: (6, 14.5533)  (7, -9.19951e-10)  (10, -7.27667)  (11, -7.35)  (12, 315.773)  (13, -6.78297e-10)  (14, -7.27666)  (15, 7.35)  (26, -157.887)  (27, 100.7)  (28, -157.887)  (29, -100.7) 
row 13: (6, 4.27986e-05)  (7, -213.7)  (10, 7.35002)  (11, 106.85)  (12, 0.000125275)  (13, 530.6)  (14, -7.34998)  (15, 106.85)  (26, 100.7)  (27, -265.3)  (28, -100.7)  (29, -265.3) 
row 14: (4, 14.5533)  (5, 1.76671e-10)  (12, -7.27667)  (13, -7.35)  (14, 315.773)  (15, -1.6812e-09)  (16, -7.27666)  (17, 7.35)  (28, -157.887)  (29, 100.7)  (30, -157.887)  (31, -100.7) 
row 15: (4, 4.27987e-05)  (5, -213.7)  (12, 7.35002)  (13, 106.85)  (14, 0.000125273)  (15, 530.6)  (16, -7.34998)  (17, 106.85)  (28, 100.7)  (29, -265.3)  (30, -100.7)  (31, -265.3) 
row 16: (2, 14.5533)  (3, -5.4007e-10)  (14, -7.27667)  (15, -7.35)  (16, 315.773)  (17, -1.09758e-09)  (18, -7.27666)  (19, 7.35)  (24, -157.887)  (25, -100.7)  (30, -157.887)  (31, 100.7) 
row 17: (2, 4.27991e-05)  (3, -213.7)  (14, 7.35002)  (15, 106.85)  (16, 0.000125274)  (17, 530.6)  (18, -7.34998)  (19, 106.85)  (24, -100.7)  (25, -265.3)  (30, 100.7)  (31, -265.3) 
row 18: (0, 14.5533)  (16, -7.27667)  (17, -7.35)  (18, 345.613)  (19, 29.84)  (22, -304.887)  (23, -247.7)  (24, -157.887)  (25, 100.7) 
row 19: (0, 4.13984e-05)  (1, -213.7)  (16, 7.35002)  (17, 106.85)  (18, 1024.4)  (19, 1555.)  (22, -2237.7)  (23, -2402.3)  (24, 100.7)  (25, -265.3) 
row 20: (8, -157.887)  (9, -100.7)  (10, -157.887)  (11, 100.7)  (20, 4420.83)  (21, 4168.21) 
row 21: (8, 1948.1)  (9, 1988.38)  (10, -1948.1)  (11, -2518.98)  (20, -1.18281e-05)  (21, 1061.2) 
row 22: (0, -157.887)  (1, 100.7)  (18, -157.887)  (19, -100.7)  (22, -3157.73)  (23, -3789.28) 
row 23: (0, 2149.5)  (1, 1783.5)  (18, -2149.5)  (19, -2314.1)  (22, -3.54843e-05)  (23, 1061.2) 
row 24: (0, -157.887)  (1, -100.7)  (2, -157.887)  (3, 100.7)  (16, -157.887)  (17, -100.7)  (18, -157.887)  (19, 100.7)  (24, 631.547)  (25, -1.43056e-09) 
row 25: (0, -100.7)  (1, -265.3)  (2, 100.7)  (3, -265.3)  (16, -100.7)  (17, -265.3)  (18, 100.7)  (19, -265.3)  (24, -3.35016e-09)  (25, 1061.2) 
row 26: (6, -157.887)  (7, -100.7)  (8, -157.887)  (9, 100.7)  (10, -157.887)  (11, -100.7)  (12, -157.887)  (13, 100.7)  (26, 631.547)  (27, -1.43056e-09) 
row 27: (6, -100.7)  (7, -265.3)  (8, 100.7)  (9, -265.3)  (10, -100.7)  (11, -265.3)  (12, 100.7)  (13, -265.3)  (26, -3.35016e-09)  (27, 1061.2) 
row 28: (4, -157.887)  (5, -100.7)  (6, -157.887)  (7, 100.7)  (12, -157.887)  (13, -100.7)  (14, -157.887)  (15, 100.7)  (28, 631.547)  (29, -2.37279e-09) 
row 29: (4, -100.7)  (5, -265.3)  (6, 100.7)  (7, -265.3)  (12, -100.7)  (13, -265.3)  (14, 100.7)  (15, -265.3)  (28, -5.55675e-09)  (29, 1061.2) 
row 30: (2, -157.887)  (3, -100.7)  (4, -157.887)  (5, 100.7)  (14, -157.887)  (15, -100.7)  (16, -157.887)  (17, 100.7)  (30, 631.547)  (31, -2.37279e-09) 
row 31: (2, -100.7)  (3, -265.3)  (4, 100.7)  (5, -265.3)  (14, -100.7)  (15, -265.3)  (16, 100.7)  (17, -265.3)  (30, -5.55675e-09)  (31, 1061.2) 
Hand-coded Jacobian (constant state -1.0)
Mat Object: 1 MPI processes
  type: seqaij
row 0: (0, 330.693)  (1, 14.92)  (2, -7.27667)  (3, 7.35)  (18, 14.5533)  (19, -9.38272e-10)  (22, -231.387)  (23, 27.2)  (24, -157.887)  (25, -100.7) 
row 1: (0, -512.2)  (1, 18.4)  (2, -7.35)  (3, 106.85)  (18, -9.38257e-10)  (19, -213.7)  (22, 1169.2)  (23, 803.2)  (24, -100.7)  (25, -265.3) 
row 2: (0, -7.27667)  (1, -7.35)  (2, 315.773)  (3, -1.76321e-09)  (4, -7.27667)  (5, 7.35)  (16, 14.5533)  (17, -1.17991e-09)  (24, -157.887)  (25, 100.7)  (30, -157.887)  (31, -100.7) 
row 3: (0, 7.35)  (1, 106.85)  (2, -1.7632e-09)  (3, 530.6)  (4, -7.35)  (5, 106.85)  (16, -1.17992e-09)  (17, -213.7)  (24, 100.7)  (25, -265.3)  (30, -100.7)  (31, -265.3) 
row 4: (2, -7.27667)  (3, -7.35)  (4, 315.773)  (5, -3.93712e-09)  (6, -7.27667)  (7, 7.35)  (14, 14.5533)  (15, -7.75472e-10)  (28, -157.887)  (29, -100.7)  (30, -157.887)  (31, 100.7) 
row 5: (2, 7.35)  (3, 106.85)  (4, -3.93715e-09)  (5, 530.6)  (6, -7.35)  (7, 106.85)  (14, -7.75465e-10)  (15, -213.7)  (28, -100.7)  (29, -265.3)  (30, 100.7)  (31, -265.3) 
row 6: (4, -7.27667)  (5, -7.35)  (6, 315.773)  (7, -1.98542e-09)  (8, -7.27667)  (9, 7.35)  (12, 14.5533)  (13, -1.55978e-09)  (26, -157.887)  (27, -100.7)  (28, -157.887)  (29, 100.7) 
row 7: (4, 7.35)  (5, 106.85)  (6, -1.98541e-09)  (7, 530.6)  (8, -7.35)  (9, 106.85)  (12, -1.5598e-09)  (13, -213.7)  (26, -100.7)  (27, -265.3)  (28, 100.7)  (29, -265.3) 
row 8: (6, -7.27667)  (7, -7.35)  (8, 300.853)  (9, -16.412)  (10, 14.5533)  (11, -5.58408e-10)  (20, -84.3867)  (21, -19.85)  (26, -157.887)  (27, 100.7) 
row 9: (6, 7.35)  (7, 106.85)  (8, -512.2)  (9, -32.82)  (10, -5.58401e-10)  (11, -213.7)  (20, 967.8)  (21, 910.05)  (26, 100.7)  (27, -265.3) 
row 10: (8, 14.5533)  (9, -5.58401e-10)  (10, 300.853)  (11, -16.412)  (12, -7.27667)  (13, 7.35)  (20, -84.3867)  (21, 181.55)  (26, -157.887)  (27, -100.7) 
row 11: (8, -5.58401e-10)  (9, -213.7)  (10, 512.2)  (11, 1094.02)  (12, -7.35)  (13, 106.85)  (20, -967.8)  (21, -1440.65)  (26, -100.7)  (27, -265.3) 
row 12: (6, 14.5533)  (7, -1.55979e-09)  (10, -7.27667)  (11, -7.35)  (12, 315.773)  (13, -1.58846e-09)  (14, -7.27667)  (15, 7.35)  (26, -157.887)  (27, 100.7)  (28, -157.887)  (29, -100.7) 
row 13: (6, -1.55979e-09)  (7, -213.7)  (10, 7.35)  (11, 106.85)  (12, -1.58846e-09)  (13, 530.6)  (14, -7.35)  (15, 106.85)  (26, 100.7)  (27, -265.3)  (28, -100.7)  (29, -265.3) 
row 14: (4, 14.5533)  (5, -7.75479e-10)  (12, -7.27667)  (13, -7.35)  (14, 315.773)  (15, -3.9371e-09)  (16, -7.27667)  (17, 7.35)  (28, -157.887)  (29, 100.7)  (30, -157.887)  (31, -100.7) 
row 15: (4, -7.75458e-10)  (5, -213.7)  (12, 7.35)  (13, 106.85)  (14, -3.93712e-09)  (15, 530.6)  (16, -7.35)  (17, 106.85)  (28, 100.7)  (29, -265.3)  (30, -100.7)  (31, -265.3) 
row 16: (2, 14.5533)  (3, -1.17991e-09)  (14, -7.27667)  (15, -7.35)  (16, 315.773)  (17, -2.57038e-09)  (18, -7.27667)  (19, 7.35)  (24, -157.887)  (25, -100.7)  (30, -157.887)  (31, 100.7) 
row 17: (2, -1.17992e-09)  (3, -213.7)  (14, 7.35)  (15, 106.85)  (16, -2.57037e-09)  (17, 530.6)  (18, -7.35)  (19, 106.85)  (24, -100.7)  (25, -265.3)  (30, 100.7)  (31, -265.3) 
row 18: (0, 14.5533)  (1, -9.38265e-10)  (16, -7.27667)  (17, -7.35)  (18, 330.693)  (19, 14.92)  (22, -231.387)  (23, -174.2)  (24, -157.887)  (25, 100.7) 
row 19: (0, -9.38265e-10)  (1, -213.7)  (16, 7.35)  (17, 106.85)  (18, 512.2)  (19, 1042.8)  (22, -1169.2)  (23, -1333.8)  (24, 100.7)  (25, -265.3) 
row 20: (8, -157.887)  (9, -100.7)  (10, -157.887)  (11, 100.7)  (20, 2526.19)  (21, 2084.1) 
row 21: (8, 923.7)  (9, 861.54)  (10, -923.7)  (11, -1392.14)  (20, -2.76791e-08)  (21, 1061.2) 
row 22: (0, -157.887)  (1, 100.7)  (18, -157.887)  (19, -100.7)  (22, -1263.09)  (23, -1894.64) 
row 23: (0, 1125.1)  (1, 759.1)  (18, -1125.1)  (19, -1289.7)  (22, 2.54454e-08)  (23, 1061.2) 
row 24: (0, -157.887)  (1, -100.7)  (2, -157.887)  (3, 100.7)  (16, -157.887)  (17, -100.7)  (18, -157.887)  (19, 100.7)  (24, 631.547)  (25, -3.35016e-09) 
row 25: (0, -100.7)  (1, -265.3)  (2, 100.7)  (3, -265.3)  (16, -100.7)  (17, -265.3)  (18, 100.7)  (19, -265.3)  (24, -3.35016e-09)  (25, 1061.2) 
row 26: (6, -157.887)  (7, -100.7)  (8, -157.887)  (9, 100.7)  (10, -157.887)  (11, -100.7)  (12, -157.887)  (13, 100.7)  (26, 631.547)  (27, -3.35016e-09) 
row 27: (6, -100.7)  (7, -265.3)  (8, 100.7)  (9, -265.3)  (10, -100.7)  (11, -265.3)  (12, 100.7)  (13, -265.3)  (26, -3.35016e-09)  (27, 1061.2) 
row 28: (4, -157.887)  (5, -100.7)  (6, -157.887)  (7, 100.7)  (12, -157.887)  (13, -100.7)  (14, -157.887)  (15, 100.7)  (28, 631.547)  (29, -5.55675e-09) 
row 29: (4, -100.7)  (5, -265.3)  (6, 100.7)  (7, -265.3)  (12, -100.7)  (13, -265.3)  (14, 100.7)  (15, -265.3)  (28, -5.55675e-09)  (29, 1061.2) 
row 30: (2, -157.887)  (3, -100.7)  (4, -157.887)  (5, 100.7)  (14, -157.887)  (15, -100.7)  (16, -157.887)  (17, 100.7)  (30, 631.547)  (31, -5.55675e-09) 
row 31: (2, -100.7)  (3, -265.3)  (4, 100.7)  (5, -265.3)  (14, -100.7)  (15, -265.3)  (16, 100.7)  (17, -265.3)  (30, -5.55675e-09)  (31, 1061.2) 
Hand-coded minus finite-difference Jacobian (constant state -1.0)
Mat Object: 1 MPI processes
  type: seqaij
row 0: (0, -14.92)  (1, -14.92)  (2, 2.29203e-06)  (3, 2.27289e-06)  (18, -1.47443e-07)  (19, -9.38272e-10)  (22, 73.5)  (23, 73.5)  (24, 4.20816e-05)  (25, 4.22761e-05) 
row 1: (0, 512.2)  (1, 512.2)  (2, 2.02749e-05)  (3, 2.17017e-05)  (18, 4.13975e-05)  (19, 4.23523e-05)  (22, -1068.5)  (23, -1068.5)  (24, 0.000106592)  (25, 0.000105634) 
row 2: (0, -2.24363e-06)  (1, -2.24973e-06)  (2, -3.78005e-07)  (3, -1.01032e-09)  (4, 2.27027e-06)  (5, 2.25017e-06)  (16, -2.75928e-08)  (17, -6.39842e-10)  (24, -4.18935e-05)  (25, -4.21964e-05)  (30, 4.2262e-05)  (31, 4.21976e-05) 
row 3: (0, 2.13883e-05)  (1, 2.12654e-05)  (2, 0.000125277)  (3, 0.000124621)  (4, 2.14117e-05)  (5, 2.12672e-05)  (16, 4.28002e-05)  (17, 4.30493e-05)  (24, 0.000105282)  (25, 0.0001057)  (30, 0.000105518)  (31, 0.000105705) 
row 4: (2, -2.24362e-06)  (3, -2.2496e-06)  (4, -3.7928e-07)  (5, -2.25593e-09)  (6, 2.27051e-06)  (7, 2.24989e-06)  (14, -2.72224e-08)  (15, -9.52132e-10)  (28, 4.22627e-05)  (29, 4.2199e-05)  (30, -4.18935e-05)  (31, -4.21961e-05) 
row 5: (2, 2.13883e-05)  (3, 2.12648e-05)  (4, 0.000125276)  (5, 0.000124618)  (6, 2.14119e-05)  (7, 2.1266e-05)  (14, 4.28005e-05)  (15, 4.30493e-05)  (28, 0.000105518)  (29, 0.000105711)  (30, 0.000105282)  (31, 0.000105699) 
row 6: (4, -2.24339e-06)  (5, -2.24887e-06)  (6, -3.79386e-07)  (7, -1.13763e-09)  (8, 2.27051e-06)  (9, 2.24987e-06)  (12, -2.63332e-08)  (13, -6.39811e-10)  (26, 4.22624e-05)  (27, 4.21982e-05)  (28, -4.18942e-05)  (29, -4.21974e-05) 
row 7: (4, 2.13881e-05)  (5, 2.12618e-05)  (6, 0.000125277)  (7, 0.000124619)  (8, 2.14119e-05)  (9, 2.1266e-05)  (12, 4.27996e-05)  (13, 4.30493e-05)  (26, 0.000105518)  (27, 0.000105707)  (28, 0.000105283)  (29, 0.000105704) 
row 8: (6, -2.14367e-06)  (7, -1.90263e-06)  (8, 14.92)  (9, 16.412)  (10, -1.47765e-07)  (11, -5.58408e-10)  (20, -73.5)  (21, -80.85)  (26, -4.18246e-05)  (27, -4.2275e-05) 
row 9: (6, 2.11242e-05)  (7, 1.87444e-05)  (8, 512.2)  (9, 563.42)  (10, 4.13978e-05)  (11, 4.53088e-05)  (20, -1068.5)  (21, -1175.35)  (26, 0.000106316)  (27, 0.000102672) 
row 10: (8, -1.47765e-07)  (9, -5.58401e-10)  (10, 14.92)  (11, 16.412)  (12, -2.14411e-06)  (13, -2.53208e-06)  (20, -73.5)  (21, -80.85)  (26, -4.18223e-05)  (27, -4.19992e-05) 
row 11: (8, -4.1399e-05)  (9, -4.34021e-05)  (10, -512.2)  (11, -563.42)  (12, -2.11233e-05)  (13, -2.26548e-05)  (20, 1068.5)  (21, 1175.35)  (26, -0.000106315)  (27, -0.000104312) 
row 12: (6, -2.7092e-08)  (7, -6.3984e-10)  (10, 2.27027e-06)  (11, 2.27071e-06)  (12, -3.78155e-07)  (13, -9.10164e-10)  (14, -2.24362e-06)  (15, -2.26993e-06)  (26, 4.22624e-05)  (27, 4.19655e-05)  (28, -4.18942e-05)  (29, -4.19648e-05) 
row 13: (6, -4.28001e-05)  (7, -4.25299e-05)  (10, -2.14117e-05)  (11, -2.15257e-05)  (12, -0.000125276)  (13, -0.000125891)  (14, -2.13883e-05)  (15, -2.15224e-05)  (26, -0.000105518)  (27, -0.000105088)  (28, -0.000105283)  (29, -0.000105085) 
row 14: (4, -2.72224e-08)  (5, -9.5215e-10)  (12, 2.27027e-06)  (13, 2.2705e-06)  (14, -3.7928e-07)  (15, -2.2559e-09)  (16, -2.24339e-06)  (17, -2.27021e-06)  (28, 4.22627e-05)  (29, 4.19664e-05)  (30, -4.18935e-05)  (31, -4.19634e-05) 
row 15: (4, -4.27995e-05)  (5, -4.25299e-05)  (12, -2.14117e-05)  (13, -2.15248e-05)  (14, -0.000125277)  (15, -0.000125893)  (16, -2.13881e-05)  (17, -2.15236e-05)  (28, -0.000105518)  (29, -0.000105092)  (30, -0.000105282)  (31, -0.000105079) 
row 16: (2, -2.61835e-08)  (3, -6.39843e-10)  (14, 2.27051e-06)  (15, 2.27124e-06)  (16, -3.79887e-07)  (17, -1.4728e-09)  (18, -2.24339e-06)  (19, -2.27033e-06)  (24, -4.18935e-05)  (25, -4.19638e-05)  (30, 4.2262e-05)  (31, 4.1965e-05) 
row 17: (2, -4.28003e-05)  (3, -4.25299e-05)  (14, -2.14119e-05)  (15, -2.15278e-05)  (16, -0.000125277)  (17, -0.000125894)  (18, -2.13881e-05)  (19, -2.15241e-05)  (24, -0.000105282)  (25, -0.000105081)  (30, -0.000105518)  (31, -0.000105086) 
row 18: (0, -1.47443e-07)  (1, -9.38265e-10)  (16, 2.29128e-06)  (17, 2.16349e-06)  (18, -14.92)  (19, -14.92)  (22, 73.5)  (23, 73.5)  (24, 4.20816e-05)  (25, 4.20003e-05) 
row 19: (0, -4.13993e-05)  (1, -4.34015e-05)  (16, -2.0274e-05)  (17, -2.2655e-05)  (18, -512.2)  (19, -512.2)  (22, 1068.5)  (23, 1068.5)  (24, -0.000100676)  (25, -0.000104319) 
row 20: (8, -4.25611e-05)  (9, -4.12586e-05)  (10, -4.25643e-05)  (11, -2.97089e-05)  (20, -1894.64)  (21, -2084.1) 
row 21: (8, -1024.4)  (9, -1126.84)  (10, 1024.4)  (11, 1126.84)  (20, 1.18004e-05)  (21, 1.50792e-05) 
row 22: (0, 4.02349e-05)  (1, 4.12622e-05)  (18, 2.84052e-05)  (19, 2.97076e-05)  (22, 1894.64)  (23, 1894.64) 
row 23: (0, -1024.4)  (1, -1024.4)  (18, 1024.4)  (19, 1024.4)  (22, 3.55098e-05)  (23, 1.5135e-05) 
row 24: (0, -3.73893e-05)  (1, -3.74652e-05)  (2, 3.77669e-05)  (3, 3.74662e-05)  (16, 3.77682e-05)  (17, 3.7703e-05)  (18, -3.7388e-05)  (19, -3.7702e-05)  (24, -7.37132e-07)  (25, -1.91961e-09) 
row 25: (0, -6.25173e-05)  (1, -6.23105e-05)  (2, -6.27593e-05)  (3, -6.23125e-05)  (16, 6.27596e-05)  (17, 6.29509e-05)  (18, 6.2517e-05)  (19, 6.2945e-05)  (24, 6.57415e-16)  (25, -1.23833e-06) 
row 26: (6, -3.73882e-05)  (7, -3.74649e-05)  (8, 3.77672e-05)  (9, 3.74659e-05)  (10, 3.77672e-05)  (11, 3.77026e-05)  (12, -3.73882e-05)  (13, -3.77017e-05)  (26, -7.37132e-07)  (27, -1.91961e-09) 
row 27: (6, -6.2517e-05)  (7, -6.23077e-05)  (8, -6.27596e-05)  (9, -6.23117e-05)  (10, 6.27593e-05)  (11, 6.29482e-05)  (12, 6.25173e-05)  (13, 6.29442e-05)  (26, -6.49576e-16)  (27, -1.23833e-06) 
row 28: (4, -3.73872e-05)  (5, -3.74646e-05)  (6, 3.77676e-05)  (7, 3.74662e-05)  (12, 3.77661e-05)  (13, 3.7703e-05)  (14, -3.73887e-05)  (15, -3.77014e-05)  (28, -7.37132e-07)  (29, -3.18395e-09) 
row 29: (4, -6.2517e-05)  (5, -6.23033e-05)  (6, -6.27596e-05)  (7, -6.23118e-05)  (12, 6.27593e-05)  (13, 6.29464e-05)  (14, 6.25173e-05)  (15, 6.29417e-05)  (28, -6.31484e-16)  (29, -1.23833e-06) 
row 30: (2, -3.73893e-05)  (3, -3.74649e-05)  (4, 3.77668e-05)  (5, 3.74665e-05)  (14, 3.77683e-05)  (15, 3.77033e-05)  (16, -3.73878e-05)  (17, -3.77017e-05)  (30, -7.37132e-07)  (31, -3.18395e-09) 
row 31: (2, -6.25173e-05)  (3, -6.23095e-05)  (4, -6.27593e-05)  (5, -6.23142e-05)  (14, 6.27596e-05)  (15, 6.29525e-05)  (16, 6.2517e-05)  (17, 6.2944e-05)  (30, 6.44469e-16)  (31, -1.23833e-06) 
Norm of matrix ratio 0.814066, difference 5984.79 (constant state -1.0)
Finite difference Jacobian (constant state 1.0)
Mat Object: 1 MPI processes
  type: seqaij
row 0: (0, 285.933)  (1, -29.84)  (2, -7.27667)  (3, 7.35)  (18, 14.5533)  (22, -10.8866)  (23, 247.7)  (24, -157.887)  (25, -100.7) 
row 1: (0, 1024.4)  (1, 1555.)  (2, -7.35002)  (3, 106.85)  (18, -4.13984e-05)  (19, -213.7)  (22, -2036.3)  (23, -2402.3)  (24, -100.7)  (25, -265.3) 
row 2: (0, -7.27666)  (1, -7.35)  (2, 315.773)  (3, -7.52896e-10)  (4, -7.27667)  (5, 7.35)  (16, 14.5533)  (17, -5.40071e-10)  (24, -157.887)  (25, 100.7)  (30, -157.887)  (31, -100.7) 
row 3: (0, 7.34998)  (1, 106.85)  (2, -0.000125279)  (3, 530.6)  (4, -7.35002)  (5, 106.85)  (16, -4.28014e-05)  (17, -213.7)  (24, 100.7)  (25, -265.3)  (30, -100.7)  (31, -265.3) 
row 4: (2, -7.27666)  (3, -7.35)  (4, 315.773)  (5, -1.68119e-09)  (6, -7.27667)  (7, 7.35)  (14, 14.5533)  (15, 1.7666e-10)  (28, -157.887)  (29, -100.7)  (30, -157.887)  (31, 100.7) 
row 5: (2, 7.34998)  (3, 106.85)  (4, -0.00012528)  (5, 530.6)  (6, -7.35002)  (7, 106.85)  (14, -4.28013e-05)  (15, -213.7)  (28, -100.7)  (29, -265.3)  (30, 100.7)  (31, -265.3) 
row 6: (4, -7.27666)  (5, -7.35)  (6, 315.773)  (7, -8.47786e-10)  (8, -7.27667)  (9, 7.35)  (12, 14.5533)  (13, -9.19973e-10)  (26, -157.887)  (27, -100.7)  (28, -157.887)  (29, 100.7) 
row 7: (4, 7.34998)  (5, 106.85)  (6, -0.000125279)  (7, 530.6)  (8, -7.35002)  (9, 106.85)  (12, -4.28012e-05)  (13, -213.7)  (26, -100.7)  (27, -265.3)  (28, 100.7)  (29, -265.3) 
row 8: (6, -7.27666)  (7, -7.35)  (8, 345.613)  (9, 26.856)  (10, 14.5533)  (20, -304.887)  (21, -233.)  (26, -157.887)  (27, 100.7) 
row 9: (6, 7.34998)  (7, 106.85)  (8, 1024.4)  (9, 1452.56)  (10, -4.13984e-05)  (11, -213.7)  (20, -2237.7)  (21, -2188.6)  (26, 100.7)  (27, -265.3) 
row 10: (8, 14.5533)  (10, 345.613)  (11, 26.856)  (12, -7.27666)  (13, 7.35)  (20, -304.887)  (21, -31.6)  (26, -157.887)  (27, -100.7) 
row 11: (8, 4.13984e-05)  (9, -213.7)  (10, -1024.4)  (11, -391.36)  (12, -7.34998)  (13, 106.85)  (20, 2237.7)  (21, 1658.)  (26, -100.7)  (27, -265.3) 
row 12: (6, 14.5533)  (7, -9.19951e-10)  (10, -7.27667)  (11, -7.35)  (12, 315.773)  (13, -6.78297e-10)  (14, -7.27666)  (15, 7.35)  (26, -157.887)  (27, 100.7)  (28, -157.887)  (29, -100.7) 
row 13: (6, 4.27986e-05)  (7, -213.7)  (10, 7.35002)  (11, 106.85)  (12, 0.000125275)  (13, 530.6)  (14, -7.34998)  (15, 106.85)  (26, 100.7)  (27, -265.3)  (28, -100.7)  (29, -265.3) 
row 14: (4, 14.5533)  (5, 1.76671e-10)  (12, -7.27667)  (13, -7.35)  (14, 315.773)  (15, -1.6812e-09)  (16, -7.27666)  (17, 7.35)  (28, -157.887)  (29, 100.7)  (30, -157.887)  (31, -100.7) 
row 15: (4, 4.27987e-05)  (5, -213.7)  (12, 7.35002)  (13, 106.85)  (14, 0.000125273)  (15, 530.6)  (16, -7.34998)  (17, 106.85)  (28, 100.7)  (29, -265.3)  (30, -100.7)  (31, -265.3) 
row 16: (2, 14.5533)  (3, -5.4007e-10)  (14, -7.27667)  (15, -7.35)  (16, 315.773)  (17, -1.09758e-09)  (18, -7.27666)  (19, 7.35)  (24, -157.887)  (25, -100.7)  (30, -157.887)  (31, 100.7) 
row 17: (2, 4.27991e-05)  (3, -213.7)  (14, 7.35002)  (15, 106.85)  (16, 0.000125274)  (17, 530.6)  (18, -7.34998)  (19, 106.85)  (24, -100.7)  (25, -265.3)  (30, 100.7)  (31, -265.3) 
row 18: (0, 14.5533)  (16, -7.27667)  (17, -7.35)  (18, 285.933)  (19, -29.84)  (22, -10.8866)  (23, 46.3)  (24, -157.887)  (25, 100.7) 
row 19: (0, 4.13984e-05)  (1, -213.7)  (16, 7.35002)  (17, 106.85)  (18, -1024.4)  (19, -493.8)  (22, 2036.3)  (23, 1871.7)  (24, 100.7)  (25, -265.3) 
row 20: (8, -157.887)  (9, -100.7)  (10, -157.887)  (11, 100.7)  (20, -3157.73)  (21, -3410.35) 
row 21: (8, -2149.5)  (9, -2109.22)  (10, 2149.5)  (11, 1578.62)  (20, 2.36562e-05)  (21, 1061.2) 
row 22: (0, -157.887)  (1, 100.7)  (18, -157.887)  (19, -100.7)  (22, 4420.83)  (23, 3789.28) 
row 23: (0, -1948.1)  (1, -2314.1)  (18, 1948.1)  (19, 1783.5)  (22, -2.36562e-05)  (23, 1061.2) 
row 24: (0, -157.887)  (1, -100.7)  (2, -157.887)  (3, 100.7)  (16, -157.887)  (17, -100.7)  (18, -157.887)  (19, 100.7)  (24, 631.547)  (25, -1.43056e-09) 
row 25: (0, -100.7)  (1, -265.3)  (2, 100.7)  (3, -265.3)  (16, -100.7)  (17, -265.3)  (18, 100.7)  (19, -265.3)  (24, -3.35016e-09)  (25, 1061.2) 
row 26: (6, -157.887)  (7, -100.7)  (8, -157.887)  (9, 100.7)  (10, -157.887)  (11, -100.7)  (12, -157.887)  (13, 100.7)  (26, 631.547)  (27, -1.43056e-09) 
row 27: (6, -100.7)  (7, -265.3)  (8, 100.7)  (9, -265.3)  (10, -100.7)  (11, -265.3)  (12, 100.7)  (13, -265.3)  (26, -3.35016e-09)  (27, 1061.2) 
row 28: (4, -157.887)  (5, -100.7)  (6, -157.887)  (7, 100.7)  (12, -157.887)  (13, -100.7)  (14, -157.887)  (15, 100.7)  (28, 631.547)  (29, -2.37279e-09) 
row 29: (4, -100.7)  (5, -265.3)  (6, 100.7)  (7, -265.3)  (12, -100.7)  (13, -265.3)  (14, 100.7)  (15, -265.3)  (28, -5.55675e-09)  (29, 1061.2) 
row 30: (2, -157.887)  (3, -100.7)  (4, -157.887)  (5, 100.7)  (14, -157.887)  (15, -100.7)  (16, -157.887)  (17, 100.7)  (30, 631.547)  (31, -2.37279e-09) 
row 31: (2, -100.7)  (3, -265.3)  (4, 100.7)  (5, -265.3)  (14, -100.7)  (15, -265.3)  (16, 100.7)  (17, -265.3)  (30, -5.55675e-09)  (31, 1061.2) 
Hand-coded Jacobian (constant state 1.0)
Mat Object: 1 MPI processes
  type: seqaij
row 0: (0, 300.853)  (1, -14.92)  (2, -7.27667)  (3, 7.35)  (18, 14.5533)  (19, -9.38272e-10)  (22, -84.3867)  (23, 174.2)  (24, -157.887)  (25, -100.7) 
row 1: (0, 512.2)  (1, 1042.8)  (2, -7.35)  (3, 106.85)  (18, -9.38257e-10)  (19, -213.7)  (22, -967.8)  (23, -1333.8)  (24, -100.7)  (25, -265.3) 
row 2: (0, -7.27667)  (1, -7.35)  (2, 315.773)  (3, -1.76321e-09)  (4, -7.27667)  (5, 7.35)  (16, 14.5533)  (17, -1.17991e-09)  (24, -157.887)  (25, 100.7)  (30, -157.887)  (31, -100.7) 
row 3: (0, 7.35)  (1, 106.85)  (2, -1.7632e-09)  (3, 530.6)  (4, -7.35)  (5, 106.85)  (16, -1.17992e-09)  (17, -213.7)  (24, 100.7)  (25, -265.3)  (30, -100.7)  (31, -265.3) 
row 4: (2, -7.27667)  (3, -7.35)  (4, 315.773)  (5, -3.93712e-09)  (6, -7.27667)  (7, 7.35)  (14, 14.5533)  (15, -7.75472e-10)  (28, -157.887)  (29, -100.7)  (30, -157.887)  (31, 100.7) 
row 5: (2, 7.35)  (3, 106.85)  (4, -3.93715e-09)  (5, 530.6)  (6, -7.35)  (7, 106.85)  (14, -7.75465e-10)  (15, -213.7)  (28, -100.7)  (29, -265.3)  (30, 100.7)  (31, -265.3) 
row 6: (4, -7.27667)  (5, -7.35)  (6, 315.773)  (7, -1.98542e-09)  (8, -7.27667)  (9, 7.35)  (12, 14.5533)  (13, -1.55978e-09)  (26, -157.887)  (27, -100.7)  (28, -157.887)  (29, 100.7) 
row 7: (4, 7.35)  (5, 106.85)  (6, -1.98541e-09)  (7, 530.6)  (8, -7.35)  (9, 106.85)  (12, -1.5598e-09)  (13, -213.7)  (26, -100.7)  (27, -265.3)  (28, 100.7)  (29, -265.3) 
row 8: (6, -7.27667)  (7, -7.35)  (8, 330.693)  (9, 13.428)  (10, 14.5533)  (11, -5.58408e-10)  (20, -231.387)  (21, -166.85)  (26, -157.887)  (27, 100.7) 
row 9: (6, 7.35)  (7, 106.85)  (8, 512.2)  (9, 991.58)  (10, -5.58401e-10)  (11, -213.7)  (20, -1169.2)  (21, -1226.95)  (26, 100.7)  (27, -265.3) 
row 10: (8, 14.5533)  (9, -5.58401e-10)  (10, 330.693)  (11, 13.428)  (12, -7.27667)  (13, 7.35)  (20, -231.387)  (21, 34.55)  (26, -157.887)  (27, -100.7) 
row 11: (8, -5.58401e-10)  (9, -213.7)  (10, -512.2)  (11, 69.62)  (12, -7.35)  (13, 106.85)  (20, 1169.2)  (21, 696.35)  (26, -100.7)  (27, -265.3) 
row 12: (6, 14.5533)  (7, -1.55979e-09)  (10, -7.27667)  (11, -7.35)  (12, 315.773)  (13, -1.58846e-09)  (14, -7.27667)  (15, 7.35)  (26, -157.887)  (27, 100.7)  (28, -157.887)  (29, -100.7) 
row 13: (6, -1.55979e-09)  (7, -213.7)  (10, 7.35)  (11, 106.85)  (12, -1.58846e-09)  (13, 530.6)  (14, -7.35)  (15, 106.85)  (26, 100.7)  (27, -265.3)  (28, -100.7)  (29, -265.3) 
row 14: (4, 14.5533)  (5, -7.75479e-10)  (12, -7.27667)  (13, -7.35)  (14, 315.773)  (15, -3.9371e-09)  (16, -7.27667)  (17, 7.35)  (28, -157.887)  (29, 100.7)  (30, -157.887)  (31, -100.7) 
row 15: (4, -7.75458e-10)  (5, -213.7)  (12, 7.35)  (13, 106.85)  (14, -3.93712e-09)  (15, 530.6)  (16, -7.35)  (17, 106.85)  (28, 100.7)  (29, -265.3)  (30, -100.7)  (31, -265.3) 
row 16: (2, 14.5533)  (3, -1.17991e-09)  (14, -7.27667)  (15, -7.35)  (16, 315.773)  (17, -2.57038e-09)  (18, -7.27667)  (19, 7.35)  (24, -157.887)  (25, -100.7)  (30, -157.887)  (31, 100.7) 
row 17: (2, -1.17992e-09)  (3, -213.7)  (14, 7.35)  (15, 106.85)  (16, -2.57037e-09)  (17, 530.6)  (18, -7.35)  (19, 106.85)  (24, -100.7)  (25, -265.3)  (30, 100.7)  (31, -265.3) 
row 18: (0, 14.5533)  (1, -9.38265e-10)  (16, -7.27667)  (17, -7.35)  (18, 300.853)  (19, -14.92)  (22, -84.3867)  (23, -27.2)  (24, -157.887)  (25, 100.7) 
row 19: (0, -9.38265e-10)  (1, -213.7)  (16, 7.35)  (17, 106.85)  (18, -512.2)  (19, 18.4)  (22, 967.8)  (23, 803.2)  (24, 100.7)  (25, -265.3) 
row 20: (8, -157.887)  (9, -100.7)  (10, -157.887)  (11, 100.7)  (20, -1263.09)  (21, -1705.18) 
row 21: (8, -1125.1)  (9, -1187.26)  (10, 1125.1)  (11, 656.66)  (20, 2.54454e-08)  (21, 1061.2) 
row 22: (0, -157.887)  (1, 100.7)  (18, -157.887)  (19, -100.7)  (22, 2526.19)  (23, 1894.64) 
row 23: (0, -923.7)  (1, -1289.7)  (18, 923.7)  (19, 759.1)  (22, -2.76791e-08)  (23, 1061.2) 
row 24: (0, -157.887)  (1, -100.7)  (2, -157.887)  (3, 100.7)  (16, -157.887)  (17, -100.7)  (18, -157.887)  (19, 100.7)  (24, 631.547)  (25, -3.35016e-09) 
row 25: (0, -100.7)  (1, -265.3)  (2, 100.7)  (3, -265.3)  (16, -100.7)  (17, -265.3)  (18, 100.7)  (19, -265.3)  (24, -3.35016e-09)  (25, 1061.2) 
row 26: (6, -157.887)  (7, -100.7)  (8, -157.887)  (9, 100.7)  (10, -157.887)  (11, -100.7)  (12, -157.887)  (13, 100.7)  (26, 631.547)  (27, -3.35016e-09) 
row 27: (6, -100.7)  (7, -265.3)  (8, 100.7)  (9, -265.3)  (10, -100.7)  (11, -265.3)  (12, 100.7)  (13, -265.3)  (26, -3.35016e-09)  (27, 1061.2) 
row 28: (4, -157.887)  (5, -100.7)  (6, -157.887)  (7, 100.7)  (12, -157.887)  (13, -100.7)  (14, -157.887)  (15, 100.7)  (28, 631.547)  (29, -5.55675e-09) 
row 29: (4, -100.7)  (5, -265.3)  (6, 100.7)  (7, -265.3)  (12, -100.7)  (13, -265.3)  (14, 100.7)  (15, -265.3)  (28, -5.55675e-09)  (29, 1061.2) 
row 30: (2, -157.887)  (3, -100.7)  (4, -157.887)  (5, 100.7)  (14, -157.887)  (15, -100.7)  (16, -157.887)  (17, 100.7)  (30, 631.547)  (31, -5.55675e-09) 
row 31: (2, -100.7)  (3, -265.3)  (4, 100.7)  (5, -265.3)  (14, -100.7)  (15, -265.3)  (16, 100.7)  (17, -265.3)  (30, -5.55675e-09)  (31, 1061.2) 
Hand-coded minus finite-difference Jacobian (constant state 1.0)
Mat Object: 1 MPI processes
  type: seqaij
row 0: (0, 14.92)  (1, 14.92)  (2, 2.29203e-06)  (3, 1.90326e-06)  (18, -1.47443e-07)  (19, -9.38272e-10)  (22, -73.5)  (23, -73.5)  (24, 4.24512e-05)  (25, 4.22761e-05) 
row 1: (0, -512.2)  (1, -512.2)  (2, 2.02749e-05)  (3, 1.87446e-05)  (18, 4.13975e-05)  (19, 4.53093e-05)  (22, 1068.5)  (23, 1068.5)  (24, 0.000100677)  (25, 0.000102677) 
row 2: (0, -2.24363e-06)  (1, -2.24973e-06)  (2, -3.78005e-07)  (3, -1.01032e-09)  (4, 2.27027e-06)  (5, 2.25017e-06)  (16, -2.75928e-08)  (17, -6.39842e-10)  (24, -4.18935e-05)  (25, -4.21964e-05)  (30, 4.2262e-05)  (31, 4.21976e-05) 
row 3: (0, 2.13883e-05)  (1, 2.12654e-05)  (2, 0.000125277)  (3, 0.000124621)  (4, 2.14117e-05)  (5, 2.12672e-05)  (16, 4.28002e-05)  (17, 4.30493e-05)  (24, 0.000105282)  (25, 0.0001057)  (30, 0.000105518)  (31, 0.000105705) 
row 4: (2, -2.24362e-06)  (3, -2.2496e-06)  (4, -3.7928e-07)  (5, -2.25593e-09)  (6, 2.27051e-06)  (7, 2.24989e-06)  (14, -2.72224e-08)  (15, -9.52132e-10)  (28, 4.22627e-05)  (29, 4.2199e-05)  (30, -4.18935e-05)  (31, -4.21961e-05) 
row 5: (2, 2.13883e-05)  (3, 2.12648e-05)  (4, 0.000125276)  (5, 0.000124618)  (6, 2.14119e-05)  (7, 2.1266e-05)  (14, 4.28005e-05)  (15, 4.30493e-05)  (28, 0.000105518)  (29, 0.000105711)  (30, 0.000105282)  (31, 0.000105699) 
row 6: (4, -2.24339e-06)  (5, -2.24887e-06)  (6, -3.79386e-07)  (7, -1.13763e-09)  (8, 2.27051e-06)  (9, 2.24987e-06)  (12, -2.63332e-08)  (13, -6.39811e-10)  (26, 4.22624e-05)  (27, 4.21982e-05)  (28, -4.18942e-05)  (29, -4.21974e-05) 
row 7: (4, 2.13881e-05)  (5, 2.12618e-05)  (6, 0.000125277)  (7, 0.000124619)  (8, 2.14119e-05)  (9, 2.1266e-05)  (12, 4.27996e-05)  (13, 4.30493e-05)  (26, 0.000105518)  (27, 0.000105707)  (28, 0.000105283)  (29, 0.000105704) 
row 8: (6, -2.14367e-06)  (7, -2.27226e-06)  (8, -14.92)  (9, -13.428)  (10, -1.47765e-07)  (11, -5.58408e-10)  (20, 73.5)  (21, 66.15)  (26, -4.18246e-05)  (27, -4.2275e-05) 
row 9: (6, 2.11242e-05)  (7, 1.87444e-05)  (8, -512.2)  (9, -460.98)  (10, 4.13978e-05)  (11, 4.53088e-05)  (20, 1068.5)  (21, 961.65)  (26, 0.000106316)  (27, 0.000102672) 
row 10: (8, -1.47765e-07)  (9, -5.58401e-10)  (10, -14.92)  (11, -13.428)  (12, -2.14411e-06)  (13, -2.16245e-06)  (20, 73.5)  (21, 66.15)  (26, -4.18223e-05)  (27, -4.19992e-05) 
row 11: (8, -4.1399e-05)  (9, -4.34021e-05)  (10, 512.2)  (11, 460.98)  (12, -2.11233e-05)  (13, -2.26548e-05)  (20, -1068.5)  (21, -961.65)  (26, -0.000103358)  (27, -0.000104312) 
row 12: (6, -2.7092e-08)  (7, -6.3984e-10)  (10, 2.27027e-06)  (11, 2.27071e-06)  (12, -3.78155e-07)  (13, -9.10164e-10)  (14, -2.24362e-06)  (15, -2.26993e-06)  (26, 4.22624e-05)  (27, 4.19655e-05)  (28, -4.18942e-05)  (29, -4.19648e-05) 
row 13: (6, -4.28001e-05)  (7, -4.25299e-05)  (10, -2.14117e-05)  (11, -2.15257e-05)  (12, -0.000125276)  (13, -0.000125891)  (14, -2.13883e-05)  (15, -2.15224e-05)  (26, -0.000105518)  (27, -0.000105088)  (28, -0.000105283)  (29, -0.000105085) 
row 14: (4, -2.72224e-08)  (5, -9.5215e-10)  (12, 2.27027e-06)  (13, 2.2705e-06)  (14, -3.7928e-07)  (15, -2.2559e-09)  (16, -2.24339e-06)  (17, -2.27021e-06)  (28, 4.22627e-05)  (29, 4.19664e-05)  (30, -4.18935e-05)  (31, -4.19634e-05) 
row 15: (4, -4.27995e-05)  (5, -4.25299e-05)  (12, -2.14117e-05)  (13, -2.15248e-05)  (14, -0.000125277)  (15, -0.000125893)  (16, -2.13881e-05)  (17, -2.15236e-05)  (28, -0.000105518)  (29, -0.000105092)  (30, -0.000105282)  (31, -0.000105079) 
row 16: (2, -2.61835e-08)  (3, -6.39843e-10)  (14, 2.27051e-06)  (15, 2.27124e-06)  (16, -3.79887e-07)  (17, -1.4728e-09)  (18, -2.24339e-06)  (19, -2.27033e-06)  (24, -4.18935e-05)  (25, -4.19638e-05)  (30, 4.2262e-05)  (31, 4.1965e-05) 
row 17: (2, -4.28003e-05)  (3, -4.25299e-05)  (14, -2.14119e-05)  (15, -2.15278e-05)  (16, -0.000125277)  (17, -0.000125894)  (18, -2.13881e-05)  (19, -2.15241e-05)  (24, -0.000105282)  (25, -0.000105081)  (30, -0.000105518)  (31, -0.000105086) 
row 18: (0, -1.47443e-07)  (1, -9.38265e-10)  (16, 2.29128e-06)  (17, 2.16349e-06)  (18, 14.92)  (19, 14.92)  (22, -73.5)  (23, -73.5)  (24, 4.20816e-05)  (25, 4.20003e-05) 
row 19: (0, -4.13993e-05)  (1, -4.34015e-05)  (16, -2.0274e-05)  (17, -2.2655e-05)  (18, 512.2)  (19, 512.2)  (22, -1068.5)  (23, -1068.5)  (24, -0.00010659)  (25, -0.000104319) 
row 20: (8, -4.25635e-05)  (9, -4.1261e-05)  (10, -4.25619e-05)  (11, -4.15347e-05)  (20, 1894.64)  (21, 1705.18) 
row 21: (8, 1024.4)  (9, 921.96)  (10, -1024.4)  (11, -921.96)  (20, -2.36308e-05)  (21, -8.52391e-06) 
row 22: (0, 2.84044e-05)  (1, 4.12599e-05)  (18, 2.84076e-05)  (19, 2.97099e-05)  (22, -1894.64)  (23, -1894.64) 
row 23: (0, 1024.4)  (1, 1024.4)  (18, -1024.4)  (19, -1024.4)  (22, 2.36286e-05)  (23, -8.57437e-06) 
row 24: (0, -3.73893e-05)  (1, -3.74652e-05)  (2, 3.77669e-05)  (3, 3.74662e-05)  (16, 3.77682e-05)  (17, 3.7703e-05)  (18, -3.7388e-05)  (19, -3.7702e-05)  (24, -7.37132e-07)  (25, -1.91961e-09) 
row 25: (0, -6.25173e-05)  (1, -6.23105e-05)  (2, -6.27593e-05)  (3, -6.23125e-05)  (16, 6.27596e-05)  (17, 6.29509e-05)  (18, 6.2517e-05)  (19, 6.2945e-05)  (24, 6.57415e-16)  (25, -1.23833e-06) 
row 26: (6, -3.73882e-05)  (7, -3.74649e-05)  (8, 3.77672e-05)  (9, 3.74659e-05)  (10, 3.77672e-05)  (11, 3.77026e-05)  (12, -3.73882e-05)  (13, -3.77017e-05)  (26, -7.37132e-07)  (27, -1.91961e-09) 
row 27: (6, -6.2517e-05)  (7, -6.23077e-05)  (8, -6.27596e-05)  (9, -6.23117e-05)  (10, 6.27593e-05)  (11, 6.29482e-05)  (12, 6.25173e-05)  (13, 6.29442e-05)  (26, -6.49576e-16)  (27, -1.23833e-06) 
row 28: (4, -3.73872e-05)  (5, -3.74646e-05)  (6, 3.77676e-05)  (7, 3.74662e-05)  (12, 3.77661e-05)  (13, 3.7703e-05)  (14, -3.73887e-05)  (15, -3.77014e-05)  (28, -7.37132e-07)  (29, -3.18395e-09) 
row 29: (4, -6.2517e-05)  (5, -6.23033e-05)  (6, -6.27596e-05)  (7, -6.23118e-05)  (12, 6.27593e-05)  (13, 6.29464e-05)  (14, 6.25173e-05)  (15, 6.29417e-05)  (28, -6.31484e-16)  (29, -1.23833e-06) 
row 30: (2, -3.73893e-05)  (3, -3.74649e-05)  (4, 3.77668e-05)  (5, 3.74665e-05)  (14, 3.77683e-05)  (15, 3.77033e-05)  (16, -3.73878e-05)  (17, -3.77017e-05)  (30, -7.37132e-07)  (31, -3.18395e-09) 
row 31: (2, -6.25173e-05)  (3, -6.23095e-05)  (4, -6.27593e-05)  (5, -6.23142e-05)  (14, 6.27596e-05)  (15, 6.29525e-05)  (16, 6.2517e-05)  (17, 6.2944e-05)  (30, 6.44469e-16)  (31, -1.23833e-06) 
Norm of matrix ratio 0.800024, difference 5693.39 (constant state 1.0)
